30
0 1 84
0 2 39
0 3 59
0 4 87
0 5 78
0 6 98
0 7 68
0 8 67
0 9 6
0 10 22
0 11 27
0 12 26
0 13 66
0 14 32
0 15 92
0 16 28
0 17 13
0 18 1
0 19 28
0 20 8
0 21 56
0 22 86
0 23 96
0 24 79
0 25 14
0 26 68
0 27 24
0 28 79
0 29 58
1 0 61
1 2 64
1 3 52
1 4 21
1 5 21
1 6 82
1 7 100
1 8 72
1 9 56
1 10 42
1 11 4
1 12 70
1 13 54
1 14 1
1 15 62
1 16 27
1 17 78
1 18 2
1 19 17
1 20 83
1 21 11
1 22 94
1 23 72
1 24 23
1 26 67
1 27 58
1 28 44
1 29 20
2 0 81
2 1 22
2 3 89
2 4 77
2 5 72
2 6 70
2 7 18
2 8 99
2 9 58
2 10 96
2 11 29
2 12 88
2 13 9
2 14 51
2 15 11
2 16 22
2 17 61
2 18 84
2 19 45
2 20 54
2 21 14
2 22 16
2 23 3
2 24 28
2 25 30
2 26 7
2 27 87
2 28 45
2 29 83
3 0 82
3 1 97
3 2 55
3 4 98
3 5 48
3 6 4
3 7 72
3 8 68
3 9 91
3 10 95
3 11 64
3 12 28
3 13 71
3 14 18
3 15 95
3 16 70
3 17 15
3 18 90
3 19 63
3 20 7
3 21 4
3 22 21
3 23 3
3 24 63
3 25 81
3 26 35
3 27 35
3 28 28
3 29 14
4 0 99
4 1 69
4 2 51
4 3 5
4 5 93
4 6 74
4 7 52
4 8 18
4 9 9
4 10 52
4 11 72
4 12 56
4 13 75
4 14 92
4 15 91
4 16 37
4 17 61
4 18 11
4 19 98
4 20 34
4 21 100
4 22 21
4 23 40
4 24 55
4 25 39
4 26 72
4 27 20
4 28 60
4 29 35
5 0 84
5 1 74
5 2 19
5 3 26
5 4 83
5 6 5
5 7 31
5 8 65
5 9 84
5 10 36
5 11 41
5 12 51
5 13 15
5 14 80
5 15 84
5 16 99
5 17 32
5 18 29
5 19 92
5 20 21
5 21 67
5 22 86
5 24 43
5 25 16
5 26 79
5 27 32
5 28 18
5 29 3
6 0 50
6 1 31
6 2 95
6 3 53
6 4 3
6 5 23
6 7 41
6 8 68
6 9 19
6 10 4
6 11 16
6 12 75
6 13 52
6 14 29
6 15 71
6 16 24
6 17 25
6 18 65
6 19 36
6 20 98
6 21 48
6 22 88
6 23 57
6 24 39
6 25 22
6 26 32
6 27 88
6 28 90
6 29 91
7 0 2
7 1 91
7 2 57
7 3 79
7 4 25
7 5 100
7 6 17
7 8 64
7 9 11
7 10 90
7 11 44
7 12 22
7 13 60
7 14 94
7 15 79
7 16 56
7 17 18
7 18 52
7 19 57
7 20 2
7 21 29
7 22 34
7 23 87
7 24 69
7 25 72
7 26 35
7 27 23
7 28 88
7 29 62
8 0 48
8 1 96
8 2 9
8 3 41
8 4 7
8 5 7
8 6 95
8 7 4
8 9 24
8 10 4
8 11 44
8 12 34
8 13 30
8 14 63
8 15 81
8 16 45
8 17 36
8 18 99
8 19 1
8 20 7
8 21 52
8 22 58
8 23 48
8 24 28
8 25 47
8 26 36
8 27 88
8 28 10
8 29 85
9 0 16
9 1 80
9 2 70
9 3 53
9 4 88
9 5 6
9 6 61
9 7 69
9 8 51
9 10 17
9 11 57
9 12 27
9 13 45
9 14 84
9 15 2
9 16 30
9 17 31
9 18 26
9 19 22
9 20 13
9 21 68
9 22 17
9 23 51
9 24 39
9 25 40
9 26 6
9 27 95
9 28 72
9 29 77
10 0 89
10 1 5
10 2 94
10 3 13
10 4 6
10 5 75
10 6 78
10 7 87
10 8 26
10 9 33
10 11 51
10 13 8
10 14 4
10 15 60
10 16 69
10 17 63
10 18 72
10 19 26
10 20 96
10 21 62
10 22 17
10 23 58
10 24 67
10 25 55
10 26 24
10 27 2
10 28 75
10 29 31
11 1 16
11 2 100
11 3 29
11 4 45
11 5 30
11 6 27
11 7 14
11 8 2
11 9 60
11 10 91
11 12 15
11 13 7
11 14 91
11 15 63
11 16 64
11 17 22
11 18 68
11 19 79
11 20 89
11 21 82
11 22 19
11 23 21
11 24 71
11 25 24
11 26 29
11 27 82
11 28 87
11 29 30
12 0 100
12 1 28
12 2 51
12 3 84
12 4 68
12 5 14
12 6 53
12 7 44
12 8 19
12 9 65
12 10 2
12 11 7
12 13 33
12 14 59
12 15 76
12 16 87
12 17 21
12 18 90
12 19 13
12 20 32
12 21 53
12 22 70
12 23 82
12 24 62
12 25 50
12 26 26
12 27 89
12 28 82
12 29 72
13 0 75
13 1 86
13 2 42
13 3 36
13 4 55
13 5 89
13 6 49
13 7 5
13 8 63
13 9 38
13 10 11
13 11 12
13 12 73
13 14 65
13 15 34
13 16 38
13 17 67
13 18 51
13 19 17
13 20 87
13 21 18
13 22 3
13 23 87
13 24 49
13 25 1
13 26 64
13 27 97
13 28 38
13 29 52
14 0 40
14 1 91
14 2 23
14 3 15
14 4 30
14 5 46
14 6 94
14 7 23
14 8 44
14 9 55
14 10 99
14 11 37
14 12 89
14 13 36
14 15 44
14 16 39
14 17 73
14 18 5
14 19 84
14 20 81
14 21 1
14 22 59
14 23 86
14 24 66
14 25 10
14 26 39
14 27 50
14 28 42
14 29 38
15 0 20
15 1 63
15 2 17
15 3 24
15 5 99
15 6 67
15 7 76
15 8 77
15 9 26
15 10 49
15 11 44
15 12 77
15 13 66
15 14 93
15 16 14
15 17 86
15 18 18
15 19 35
15 20 83
15 21 28
15 22 22
15 23 22
15 24 31
15 25 35
15 26 90
15 27 95
15 28 58
15 29 95
16 0 52
16 1 54
16 2 68
16 3 85
16 4 22
16 5 81
16 6 70
16 7 19
16 8 89
16 9 19
16 10 68
16 11 6
16 12 18
16 13 9
16 14 78
16 15 10
16 17 57
16 18 62
16 19 80
16 20 89
16 21 55
16 22 50
16 23 46
16 24 23
16 25 94
16 26 6
16 27 27
16 28 84
16 29 13
17 0 91
17 1 92
17 2 70
17 3 98
17 4 76
17 5 2
17 6 34
17 7 41
17 8 67
17 9 65
17 10 41
17 11 20
17 12 6
17 13 7
17 14 58
17 15 72
17 16 6
17 18 64
17 19 87
17 20 49
17 21 32
17 22 36
17 23 36
17 25 3
17 26 39
17 27 27
17 28 93
17 29 96
18 0 75
18 1 3
18 3 57
18 4 34
18 5 2
18 6 10
18 7 87
18 8 41
18 9 66
18 10 74
18 11 19
18 12 25
18 13 61
18 14 24
18 15 90
18 16 72
18 17 4
18 19 68
18 20 50
18 21 8
18 22 88
18 23 34
18 24 15
18 25 27
18 26 49
18 27 30
18 28 91
18 29 24
19 0 100
19 1 47
19 2 95
19 3 27
19 4 63
19 5 29
19 6 91
19 7 68
19 8 12
19 9 6
19 10 52
19 11 53
19 12 54
19 13 39
19 14 90
19 15 76
19 16 35
19 17 34
19 18 20
19 20 16
19 21 5
19 22 33
19 23 22
19 24 74
19 25 37
19 26 80
19 27 14
19 28 53
19 29 1
20 0 87
20 1 49
20 2 59
20 3 90
20 4 84
20 5 43
20 6 27
20 7 99
20 8 8
20 9 75
20 10 5
20 11 59
20 12 48
20 13 10
20 14 63
20 15 80
20 16 57
20 17 76
20 18 39
20 19 51
20 21 64
20 22 20
20 23 73
20 24 78
20 25 80
20 26 99
20 27 75
20 28 11
20 29 60
21 0 45
21 1 11
21 2 32
21 3 1
21 4 98
21 5 54
21 7 88
21 8 9
21 9 56
21 10 56
21 11 8
21 12 66
21 13 56
21 14 9
21 15 79
21 16 56
21 17 5
21 18 66
21 19 2
21 20 58
21 22 2
21 23 76
21 24 33
21 25 4
21 26 23
21 27 33
21 28 59
21 29 26
22 0 99
22 1 28
22 2 55
22 3 22
22 4 36
22 5 86
22 6 42
22 7 96
22 8 51
22 9 24
22 10 30
22 11 25
22 12 64
22 13 87
22 14 12
22 15 2
22 16 94
22 17 82
22 18 68
22 19 99
22 20 72
22 21 75
22 23 5
22 24 17
22 25 86
22 26 44
22 27 14
22 28 43
22 29 74
23 0 30
23 1 57
23 2 21
23 3 74
23 4 77
23 5 22
23 6 51
23 7 12
23 8 60
23 9 88
23 10 72
23 11 17
23 12 7
23 13 8
23 14 78
23 15 87
23 16 91
23 17 55
23 18 21
23 19 81
23 20 96
23 21 95
23 22 31
23 24 49
23 25 68
23 26 86
23 27 76
23 28 1
23 29 5
24 0 95
24 1 25
24 2 94
24 3 12
24 4 47
24 5 76
24 6 40
24 7 83
24 8 82
24 9 89
24 10 10
24 11 47
24 12 88
24 13 42
24 14 60
24 15 5
24 16 51
24 17 42
24 18 87
24 19 74
24 20 91
24 21 23
24 22 45
24 23 60
24 25 37
24 26 36
24 27 91
24 28 89
24 29 89
25 0 52
25 1 100
25 2 36
25 3 56
25 4 14
25 5 1
25 6 60
25 7 3
25 8 97
25 9 68
25 10 5
25 11 34
25 12 50
25 13 57
25 14 60
25 15 49
25 16 85
25 17 84
25 18 28
25 19 21
25 20 56
25 21 86
25 22 61
25 23 23
25 24 9
25 26 16
25 27 4
25 28 92
25 29 88
26 0 59
26 1 62
26 2 41
26 3 9
26 4 58
26 5 35
26 6 82
26 7 4
26 8 53
26 9 22
26 10 35
26 11 26
26 12 17
26 13 36
26 14 99
26 15 5
26 16 81
26 17 7
26 18 21
26 19 95
26 20 30
26 21 13
26 22 4
26 23 74
26 24 49
26 25 24
26 27 45
26 28 91
26 29 12
27 0 92
27 1 82
27 2 59
27 3 34
27 4 60
27 5 87
27 6 49
27 7 40
27 8 80
27 9 25
27 10 7
27 11 40
27 12 25
27 13 87
27 14 72
27 15 99
27 16 76
27 17 59
27 18 51
27 19 19
27 20 16
27 21 62
27 22 39
27 23 86
27 24 64
27 25 5
27 26 31
27 29 77
28 0 15
28 1 21
28 2 89
28 3 64
28 5 37
28 6 38
28 7 27
28 8 8
28 9 23
28 10 96
28 11 46
28 12 52
28 13 18
28 14 81
28 15 84
28 16 61
28 17 58
28 18 16
28 19 71
28 20 5
28 21 58
28 22 71
28 23 18
28 24 24
28 25 63
28 26 25
28 27 66
28 29 34
29 0 83
29 1 12
29 2 37
29 3 86
29 4 54
29 5 67
29 6 57
29 7 31
29 8 41
29 9 64
29 10 77
29 11 92
29 12 5
29 13 47
29 14 32
29 15 64
29 16 53
29 17 43
29 18 62
29 19 31
29 20 48
29 21 64
29 22 11
29 23 74
29 24 36
29 25 97
29 26 91
29 27 10
29 28 27
