10
0 1 58
0 2 80
0 3 61
0 4 95
0 5 79
0 6 79
0 7 31
0 8 11
0 9 76
1 0 51
1 2 8
1 3 77
1 4 75
1 6 76
1 7 32
1 8 42
1 9 93
2 0 31
2 1 38
2 3 63
2 4 12
2 5 97
2 6 72
2 7 20
2 8 14
2 9 55
3 0 33
3 1 99
3 2 97
3 4 26
3 5 47
3 6 92
3 7 89
3 8 69
3 9 95
4 0 20
4 1 99
4 2 56
4 3 40
4 5 52
4 6 78
4 7 27
4 8 73
4 9 4
5 0 89
5 1 29
5 2 20
5 3 21
5 4 87
5 6 27
5 7 30
5 8 88
5 9 60
6 0 14
6 1 9
6 2 40
6 3 79
6 4 5
6 5 89
6 7 94
6 8 8
6 9 8
7 0 28
7 1 4
7 2 28
7 3 95
7 4 6
7 5 35
7 6 11
7 8 34
7 9 78
8 0 23
8 1 27
8 2 86
8 3 57
8 4 18
8 5 72
8 6 39
8 7 74
8 9 81
9 0 38
9 1 38
9 2 44
9 3 9
9 4 88
9 5 30
9 6 93
9 7 36
9 8 71
