80
0 1 13
0 2 5
0 3 23
0 4 30
0 5 16
0 6 12
0 7 98
0 8 69
0 9 27
0 10 43
0 11 75
0 12 18
0 13 74
0 15 62
0 16 95
0 17 8
0 18 60
0 19 27
0 20 46
0 21 50
0 22 55
0 23 40
0 24 28
0 25 95
0 26 19
0 27 84
0 28 77
0 29 16
0 30 10
0 31 83
0 32 70
0 33 35
0 34 91
0 35 55
0 36 37
0 37 7
0 38 65
0 39 68
0 40 54
0 41 86
0 42 86
0 43 98
0 44 86
0 45 48
0 46 14
0 47 44
0 48 52
0 49 88
0 50 16
0 51 40
0 52 30
0 53 46
0 54 72
0 55 13
0 56 100
0 57 20
0 58 59
0 59 33
0 60 60
0 61 71
0 62 99
0 63 88
0 64 51
0 65 75
0 66 47
0 67 41
0 69 23
0 70 97
0 71 56
0 72 85
0 73 88
0 74 79
0 75 5
0 76 25
0 77 18
0 78 20
0 79 40
1 0 32
1 2 55
1 3 95
1 4 88
1 5 93
1 6 7
1 7 41
1 8 75
1 9 82
1 10 68
1 11 7
1 12 61
1 13 89
1 14 94
1 15 49
1 16 69
1 17 12
1 18 32
1 19 72
1 20 50
1 21 7
1 22 75
1 23 90
1 24 14
1 25 40
1 26 10
1 27 59
1 28 15
1 29 17
1 30 99
1 31 26
1 32 74
1 33 36
1 34 92
1 35 21
1 36 64
1 37 85
1 38 42
1 39 65
1 40 6
1 41 50
1 42 40
1 43 68
1 44 17
1 45 38
1 46 15
1 47 31
1 48 74
1 49 82
1 50 10
1 51 24
1 52 34
1 53 31
1 54 81
1 55 35
1 56 91
1 57 21
1 58 9
1 59 30
1 60 68
1 61 73
1 62 52
1 63 39
1 64 20
1 65 98
1 66 83
1 67 86
1 68 91
1 69 21
1 70 2
1 71 36
1 72 44
1 73 11
1 74 83
1 75 43
1 76 71
1 77 22
1 78 23
1 79 7
2 0 44
2 1 66
2 3 90
2 4 34
2 5 45
2 6 50
2 7 78
2 8 11
2 9 50
2 10 62
2 11 62
2 12 9
2 13 67
2 14 53
2 15 75
2 16 89
2 17 30
2 18 91
2 19 40
2 20 100
2 21 99
2 22 30
2 23 19
2 24 57
2 25 73
2 26 4
2 27 38
2 28 10
2 29 22
2 30 26
2 31 57
2 32 77
2 33 22
2 34 41
2 35 59
2 36 72
2 37 75
2 38 1
2 39 5
2 40 3
2 41 26
2 42 98
2 43 30
2 44 88
2 45 19
2 46 48
2 47 30
2 48 93
2 49 82
2 50 29
2 51 4
2 52 32
2 53 70
2 54 11
2 55 3
2 56 44
2 57 75
2 58 32
2 59 69
2 60 95
2 61 52
2 62 8
2 63 91
2 64 34
2 65 58
2 66 58
2 67 64
2 68 78
2 69 52
2 70 100
2 71 33
2 72 58
2 73 61
2 74 10
2 75 45
2 76 88
2 77 86
2 78 11
2 79 71
3 0 20
3 1 57
3 2 57
3 4 40
3 5 70
3 6 36
3 7 53
3 8 82
3 9 54
3 10 64
3 11 47
3 12 68
3 13 19
3 14 32
3 15 73
3 16 89
3 17 12
3 18 92
3 19 71
3 20 59
3 21 86
3 22 40
3 23 4
3 24 66
3 25 55
3 26 69
3 27 24
3 28 98
3 29 89
3 30 13
3 31 43
3 32 50
3 33 35
3 34 84
3 35 16
3 36 53
3 37 50
3 38 11
3 39 54
3 40 14
3 41 68
3 42 5
3 43 21
3 44 25
3 45 33
3 46 12
3 47 10
3 48 18
3 49 61
3 50 32
3 51 87
3 52 16
3 53 62
3 54 57
3 55 75
3 56 33
3 57 69
3 58 38
3 59 85
3 60 34
3 61 43
3 62 95
3 63 28
3 64 9
3 65 67
3 66 36
3 67 93
3 68 58
3 69 70
3 70 85
3 71 64
3 72 7
3 73 10
3 74 28
3 75 19
3 76 50
3 77 22
3 78 15
3 79 51
4 0 85
4 1 33
4 3 8
4 5 48
4 6 54
4 7 47
4 8 26
4 9 68
4 10 52
4 11 11
4 12 63
4 13 97
4 14 51
4 15 19
4 16 75
4 17 44
4 18 32
4 19 76
4 20 9
4 21 88
4 22 97
4 23 96
4 24 49
4 25 53
4 26 33
4 27 84
4 28 38
4 29 10
4 30 87
4 31 54
4 32 2
4 33 10
4 34 7
4 35 41
4 36 44
4 37 80
4 38 74
4 39 34
4 40 2
4 41 22
4 42 52
4 43 84
4 44 58
4 45 93
4 46 93
4 47 28
4 48 5
4 49 27
4 50 20
4 51 50
4 52 29
4 53 62
4 54 22
4 55 19
4 56 97
4 57 11
4 58 63
4 59 72
4 60 59
4 61 99
4 62 51
4 63 27
4 64 25
4 65 78
4 66 96
4 67 32
4 68 51
4 69 38
4 70 70
4 71 27
4 72 99
4 73 59
4 74 75
4 75 72
4 76 73
4 77 45
4 78 97
4 79 57
5 0 31
5 1 46
5 3 27
5 4 9
5 6 35
5 7 64
5 8 86
5 9 83
5 10 2
5 11 100
5 12 42
5 14 25
5 15 9
5 16 86
5 17 4
5 18 21
5 19 100
5 20 4
5 21 9
5 22 2
5 23 43
5 24 54
5 25 20
5 26 35
5 27 68
5 28 30
5 29 27
5 30 47
5 31 99
5 32 79
5 33 24
5 34 60
5 35 44
5 36 87
5 37 95
5 38 20
5 39 86
5 40 51
5 41 84
5 42 45
5 43 72
5 44 15
5 45 14
5 47 63
5 48 44
5 49 54
5 50 32
5 51 6
5 52 56
5 53 41
5 54 41
5 55 83
5 56 82
5 58 35
5 59 2
5 60 15
5 61 16
5 62 10
5 63 64
5 64 34
5 65 9
5 66 48
5 67 64
5 68 6
5 69 32
5 70 10
5 71 53
5 72 15
5 73 4
5 74 76
5 75 2
5 76 88
5 77 77
5 78 24
5 79 56
6 0 93
6 1 70
6 2 3
6 3 3
6 4 80
6 5 85
6 7 22
6 8 46
6 9 47
6 10 86
6 11 10
6 12 91
6 13 11
6 14 63
6 15 59
6 16 96
6 17 36
6 18 26
6 19 39
6 20 53
6 21 28
6 22 61
6 23 25
6 24 52
6 25 33
6 26 9
6 27 23
6 28 22
6 29 42
6 30 42
6 31 68
6 32 89
6 33 53
6 34 74
6 35 23
6 36 93
6 37 47
6 38 40
6 39 96
6 40 32
6 41 58
6 42 2
6 43 76
6 44 6
6 45 46
6 46 5
6 47 50
6 48 50
6 49 25
6 50 12
6 51 2
6 52 38
6 53 29
6 54 17
6 55 19
6 56 27
6 57 89
6 58 65
6 59 86
6 60 25
6 61 77
6 62 80
6 63 25
6 64 41
6 65 13
6 66 79
6 67 53
6 68 27
6 69 100
6 70 55
6 71 19
6 72 53
6 73 86
6 74 94
6 75 65
6 76 17
6 77 72
6 78 18
6 79 96
7 0 57
7 1 2
7 2 16
7 3 81
7 4 88
7 5 65
7 6 78
7 8 16
7 9 55
7 10 71
7 11 5
7 12 82
7 13 13
7 14 82
7 15 76
7 16 95
7 17 35
7 18 15
7 19 88
7 20 69
7 21 12
7 22 54
7 23 16
7 24 98
7 25 73
7 26 55
7 27 99
7 28 22
7 29 31
7 30 42
7 31 4
7 32 50
7 33 36
7 34 93
7 35 44
7 36 72
7 37 4
7 38 34
7 39 54
7 40 47
7 41 58
7 42 28
7 43 86
7 44 93
7 45 18
7 46 27
7 47 32
7 48 59
7 49 6
7 50 66
7 51 50
7 52 25
7 53 51
7 54 42
7 55 30
7 56 31
7 57 67
7 58 81
7 59 66
7 60 78
7 61 22
7 62 54
7 63 98
7 64 55
7 65 69
7 66 39
7 67 38
7 68 49
7 69 31
7 70 48
7 71 83
7 72 68
7 73 65
7 74 65
7 75 98
7 76 95
7 77 3
7 78 54
7 79 42
8 0 28
8 1 20
8 2 33
8 3 80
8 4 64
8 5 17
8 6 40
8 7 84
8 9 49
8 10 13
8 11 27
8 12 12
8 13 44
8 14 30
8 15 57
8 16 50
8 17 47
8 18 76
8 19 61
8 20 15
8 21 4
8 22 93
8 23 74
8 24 10
8 25 89
8 26 17
8 27 68
8 28 40
8 29 7
8 30 43
8 31 22
8 32 70
8 33 90
8 34 94
8 35 85
8 36 50
8 37 59
8 38 76
8 39 60
8 40 40
8 41 46
8 42 80
8 43 99
8 44 99
8 45 79
8 46 79
8 47 66
8 48 72
8 49 17
8 50 45
8 51 26
8 52 70
8 53 37
8 54 61
8 55 62
8 56 28
8 57 21
8 58 31
8 59 66
8 60 67
8 61 26
8 62 67
8 63 49
8 64 54
8 65 52
8 66 80
8 67 37
8 68 73
8 69 64
8 70 33
8 71 71
8 72 91
8 73 22
8 74 26
8 75 85
8 76 30
8 77 61
8 78 70
8 79 93
9 0 17
9 1 94
9 2 56
9 3 82
9 4 9
9 5 58
9 6 23
9 7 26
9 8 24
9 10 56
9 11 21
9 12 11
9 13 8
9 14 53
9 15 34
9 16 39
9 17 36
9 18 49
9 19 94
9 20 39
9 21 23
9 22 39
9 23 100
9 24 48
9 25 48
9 26 77
9 27 43
9 28 18
9 29 72
9 30 19
9 31 36
9 32 90
9 33 75
9 34 17
9 35 41
9 36 70
9 37 22
9 38 88
9 39 58
9 40 34
9 41 36
9 42 43
9 44 9
9 45 6
9 46 69
9 47 9
9 48 50
9 49 15
9 50 5
9 51 80
9 52 47
9 53 12
9 54 30
9 55 62
9 56 4
9 57 63
9 58 49
9 59 93
9 60 10
9 61 100
9 62 6
9 63 77
9 64 39
9 65 62
9 66 19
9 67 2
9 68 1
9 69 3
9 70 57
9 72 85
9 73 64
9 74 87
9 75 45
9 76 11
9 77 33
9 78 19
9 79 7
10 0 42
10 1 51
10 3 71
10 4 68
10 5 14
10 6 22
10 7 75
10 8 48
10 9 84
10 11 81
10 12 80
10 13 94
10 14 31
10 15 61
10 16 30
10 17 58
10 18 14
10 19 42
10 20 7
10 21 60
10 22 13
10 23 30
10 24 86
10 25 22
10 26 95
10 27 71
10 28 47
10 29 59
10 30 100
10 31 65
10 32 38
10 33 40
10 34 7
10 35 79
10 36 76
10 37 72
10 38 43
10 39 81
10 40 85
10 41 53
10 42 97
10 43 36
10 44 34
10 45 27
10 46 31
10 48 54
10 49 16
10 50 6
10 51 21
10 52 52
10 53 83
10 54 66
10 55 82
10 56 26
10 57 18
10 58 29
10 59 76
10 60 79
10 61 71
10 62 78
10 63 12
10 64 26
10 65 46
10 66 97
10 67 4
10 68 98
10 69 71
10 70 6
10 71 29
10 72 69
10 73 76
10 74 20
10 75 66
10 76 100
10 77 75
10 78 11
10 79 48
11 0 75
11 1 54
11 2 20
11 3 70
11 4 36
11 5 13
11 6 26
11 7 61
11 8 48
11 9 52
11 10 81
11 12 71
11 13 53
11 14 94
11 15 74
11 16 11
11 17 68
11 18 38
11 19 75
11 20 49
11 21 61
11 22 37
11 23 30
11 24 41
11 25 18
11 26 47
11 27 72
11 28 11
11 29 85
11 30 8
11 31 76
11 32 10
11 33 58
11 34 98
11 35 54
11 36 2
11 37 92
11 38 19
11 39 17
11 40 56
11 41 34
11 42 12
11 43 82
11 44 41
11 45 71
11 46 64
11 47 35
11 48 14
11 49 4
11 50 40
11 51 87
11 52 82
11 53 6
11 54 37
11 55 21
11 56 45
11 57 18
11 58 51
11 59 75
11 60 42
11 61 24
11 62 83
11 63 38
11 64 99
11 65 99
11 66 75
11 67 90
11 68 5
11 69 96
11 70 93
11 71 20
11 72 25
11 73 13
11 74 49
11 75 3
11 76 78
11 77 47
11 78 43
11 79 71
12 0 81
12 1 16
12 2 51
12 3 46
12 4 19
12 5 95
12 6 44
12 7 29
12 8 23
12 9 100
12 10 3
12 11 74
12 13 19
12 14 90
12 15 40
12 16 58
12 17 49
12 18 72
12 19 14
12 20 67
12 21 50
12 22 2
12 23 71
12 24 41
12 25 10
12 26 62
12 27 81
12 28 31
12 29 6
12 30 44
12 31 60
12 32 55
12 33 1
12 34 31
12 35 39
12 36 61
12 37 93
12 38 80
12 39 13
12 40 68
12 41 66
12 42 22
12 43 100
12 44 29
12 45 69
12 46 12
12 47 85
12 48 5
12 49 81
12 50 85
12 51 77
12 52 56
12 54 93
12 55 44
12 56 5
12 57 84
12 58 70
12 59 64
12 60 3
12 61 23
12 62 93
12 63 16
12 64 5
12 65 41
12 66 47
12 67 85
12 68 14
12 69 85
12 70 45
12 71 28
12 72 43
12 73 9
12 74 33
12 75 47
12 76 43
12 77 60
12 78 3
12 79 22
13 0 19
13 1 98
13 2 85
13 3 37
13 4 39
13 5 38
13 6 91
13 7 12
13 8 87
13 9 75
13 10 35
13 11 31
13 12 62
13 14 66
13 15 28
13 16 52
13 17 16
13 18 64
13 19 1
13 20 15
13 21 40
13 22 17
13 23 78
13 24 57
13 25 97
13 27 24
13 28 81
13 29 41
13 30 54
13 31 10
13 32 81
13 33 70
13 34 22
13 35 62
13 36 100
13 38 13
13 39 36
13 40 51
13 41 59
13 42 64
13 43 11
13 44 37
13 45 69
13 46 93
13 47 17
13 48 89
13 49 16
13 50 71
13 51 18
13 52 83
13 53 61
13 54 33
13 55 12
13 56 70
13 57 41
13 58 93
13 59 77
13 60 61
13 61 43
13 62 77
13 63 32
13 64 18
13 65 13
13 66 33
13 67 13
13 68 9
13 69 51
13 70 87
13 71 64
13 72 14
13 73 37
13 74 48
13 75 47
13 76 95
13 77 66
13 78 51
13 79 78
14 0 71
14 1 22
14 2 79
14 3 19
14 4 81
14 5 58
14 6 6
14 7 45
14 8 19
14 9 24
14 10 6
14 11 95
14 12 69
14 13 8
14 15 61
14 16 83
14 18 54
14 19 82
14 20 51
14 21 46
14 22 66
14 23 3
14 24 64
14 25 55
14 26 36
14 27 9
14 28 60
14 29 40
14 30 96
14 31 99
14 32 26
14 33 1
14 34 77
14 35 27
14 36 7
14 37 55
14 38 28
14 39 82
14 40 72
14 41 93
14 42 41
14 43 97
14 44 52
14 45 15
14 46 72
14 47 77
14 48 43
14 49 13
14 50 96
14 51 73
14 52 14
14 53 58
14 54 54
14 55 49
14 56 19
14 57 3
14 58 95
14 59 7
14 60 94
14 61 100
14 62 33
14 63 36
14 64 13
14 65 86
14 66 20
14 67 13
14 68 78
14 69 32
14 70 46
14 71 52
14 72 89
14 73 10
14 74 66
14 75 68
14 76 43
14 77 84
14 78 55
14 79 100
15 0 43
15 1 9
15 2 52
15 3 37
15 4 74
15 5 23
15 6 49
15 7 86
15 8 36
15 9 73
15 10 17
15 11 54
15 12 83
15 13 34
15 14 2
15 16 43
15 17 84
15 18 85
15 19 38
15 20 42
15 21 68
15 22 40
15 23 39
15 24 85
15 25 55
15 26 98
15 27 10
15 28 35
15 29 19
15 30 5
15 31 7
15 32 48
15 33 56
15 34 22
15 35 42
15 36 18
15 37 46
15 38 58
15 39 53
15 40 11
15 41 40
15 42 57
15 43 81
15 44 14
15 45 9
15 46 50
15 47 93
15 48 93
15 49 71
15 50 69
15 51 45
15 52 79
15 53 51
15 54 59
15 55 89
15 56 45
15 57 94
15 58 56
15 59 56
15 60 76
15 61 30
15 62 4
15 63 38
15 64 62
15 65 30
15 66 12
15 67 99
15 68 28
15 69 34
15 70 33
15 71 96
15 73 43
15 74 28
15 75 51
15 76 44
15 77 38
15 78 87
15 79 26
16 0 59
16 1 65
16 2 95
16 3 47
16 4 49
16 5 16
16 6 55
16 7 20
16 8 54
16 9 38
16 10 83
16 11 36
16 12 38
16 13 64
16 14 81
16 15 9
16 17 37
16 18 92
16 19 22
16 20 63
16 21 64
16 22 38
16 23 61
16 24 68
16 25 30
16 26 35
16 27 38
16 28 92
16 29 15
16 30 48
16 31 52
16 32 29
16 33 13
16 34 69
16 35 16
16 36 41
16 37 26
16 38 50
16 39 57
16 40 65
16 41 88
16 42 11
16 43 44
16 44 70
16 45 100
16 46 17
16 47 16
16 48 21
16 49 91
16 50 80
16 51 97
16 52 72
16 53 54
16 54 41
16 55 4
16 56 57
16 57 22
16 58 23
16 59 20
16 60 80
16 61 36
16 62 76
16 63 92
16 64 25
16 65 94
16 66 64
16 67 75
16 68 67
16 69 18
16 70 63
16 71 41
16 72 17
16 73 66
16 74 84
16 75 50
16 76 22
16 77 65
16 78 39
16 79 48
17 0 81
17 1 63
17 2 53
17 3 19
17 4 5
17 5 99
17 6 43
17 7 6
17 8 86
17 9 28
17 10 26
17 11 50
17 12 92
17 13 41
17 14 79
17 15 9
17 16 51
17 18 45
17 19 63
17 20 65
17 21 90
17 22 4
17 23 67
17 24 43
17 25 83
17 26 66
17 27 58
17 28 76
17 29 57
17 30 56
17 31 94
17 32 11
17 33 53
17 34 92
17 35 73
17 36 25
17 37 20
17 38 65
17 39 42
17 40 91
17 41 65
17 42 50
17 43 41
17 44 42
17 45 81
17 46 34
17 47 57
17 48 13
17 49 100
17 50 94
17 51 50
17 52 44
17 53 80
17 54 32
17 55 66
17 56 52
17 57 95
17 58 77
17 59 73
17 60 79
17 61 14
17 62 72
17 63 49
17 64 63
17 65 16
17 66 97
17 68 43
17 69 38
17 70 91
17 71 10
17 72 46
17 73 62
17 74 48
17 75 13
17 76 18
17 77 13
17 78 43
17 79 64
18 0 7
18 1 48
18 2 87
18 3 3
18 4 92
18 5 42
18 6 21
18 7 96
18 8 23
18 9 60
18 10 28
18 11 55
18 12 54
18 13 87
18 15 24
18 16 75
18 17 53
18 19 40
18 20 34
18 21 68
18 22 99
18 23 94
18 24 28
18 25 99
18 26 17
18 27 16
18 28 51
18 29 16
18 30 16
18 31 37
18 32 84
18 33 57
18 34 4
18 35 53
18 36 21
18 37 69
18 38 87
18 39 70
18 40 10
18 41 25
18 42 47
18 43 12
18 44 94
18 45 75
18 46 14
18 47 63
18 48 96
18 49 50
18 50 4
18 51 13
18 52 6
18 53 4
18 54 84
18 55 74
18 56 40
18 57 28
18 58 70
18 59 10
18 60 61
18 61 95
18 62 4
18 63 76
18 64 33
18 65 77
18 66 96
18 67 89
18 68 17
18 69 32
18 70 11
18 71 40
18 72 37
18 73 49
18 74 46
18 75 33
18 76 44
18 77 2
18 78 69
18 79 73
19 0 86
19 2 5
19 3 66
19 4 80
19 5 35
19 6 87
19 7 16
19 8 67
19 9 85
19 10 7
19 11 59
19 12 83
19 13 55
19 14 3
19 15 10
19 16 55
19 17 4
19 18 92
19 20 73
19 21 61
19 22 55
19 23 38
19 24 8
19 25 1
19 26 43
19 27 44
19 28 49
19 29 69
19 30 66
19 31 41
19 32 11
19 33 15
19 34 51
19 35 35
19 36 66
19 37 81
19 38 38
19 39 88
19 40 17
19 41 75
19 42 9
19 43 88
19 44 20
19 45 13
19 47 3
19 48 43
19 49 72
19 50 43
19 51 43
19 52 51
19 53 29
19 54 60
19 55 64
19 56 72
19 57 17
19 59 49
19 60 3
19 61 48
19 62 6
19 63 98
19 64 76
19 65 4
19 66 90
19 67 76
19 68 72
19 69 82
19 70 87
19 71 41
19 72 26
19 73 33
19 74 76
19 75 61
19 76 88
19 77 50
19 78 50
19 79 64
20 0 47
20 1 94
20 2 33
20 3 17
20 4 6
20 5 52
20 6 36
20 7 16
20 8 33
20 9 87
20 10 5
20 11 68
20 12 25
20 13 25
20 14 58
20 15 78
20 16 96
20 17 71
20 18 81
20 19 39
20 21 55
20 22 23
20 23 62
20 24 78
20 25 97
20 26 64
20 27 84
20 28 8
20 29 43
20 30 43
20 31 36
20 32 81
20 33 4
20 34 32
20 35 66
20 36 54
20 37 74
20 38 3
20 39 42
20 40 9
20 41 44
20 42 10
20 43 89
20 44 88
20 45 2
20 46 93
20 47 97
20 48 85
20 49 96
20 50 57
20 51 10
20 52 3
20 53 24
20 54 57
20 55 33
20 56 20
20 57 98
20 58 98
20 59 80
20 60 6
20 61 23
20 62 28
20 63 48
20 64 66
20 65 72
20 66 64
20 67 45
20 68 56
20 69 3
20 70 45
20 71 26
20 72 97
20 73 55
20 74 83
20 75 57
20 76 73
20 77 51
20 78 65
20 79 33
21 0 92
21 1 16
21 2 87
21 3 88
21 4 3
21 5 2
21 6 7
21 7 37
21 8 46
21 9 27
21 10 71
21 11 45
21 12 49
21 13 22
21 14 78
21 15 31
21 16 38
21 17 38
21 18 81
21 19 35
21 20 98
21 22 31
21 23 54
21 24 25
21 25 35
21 26 66
21 27 21
21 28 22
21 29 47
21 30 96
21 31 19
21 32 42
21 33 19
21 34 83
21 35 28
21 36 47
21 37 35
21 38 61
21 39 2
21 40 60
21 41 100
21 42 12
21 43 59
21 44 50
21 45 64
21 46 18
21 47 35
21 48 54
21 49 12
21 50 73
21 51 63
21 52 84
21 53 25
21 54 7
21 55 2
21 56 79
21 57 63
21 58 1
21 59 13
21 60 45
21 62 62
21 63 99
21 64 31
21 65 20
21 66 11
21 67 73
21 68 57
21 69 7
21 70 60
21 71 89
21 72 81
21 73 44
21 74 54
21 75 50
21 76 1
21 77 83
21 78 100
21 79 94
22 0 42
22 1 31
22 2 11
22 3 32
22 4 64
22 5 30
22 6 30
22 7 89
22 8 19
22 9 64
22 10 41
22 11 28
22 12 63
22 13 83
22 14 78
22 15 25
22 16 78
22 17 79
22 18 63
22 19 91
22 20 18
22 21 17
22 23 96
22 24 61
22 25 43
22 26 72
22 27 18
22 28 96
22 29 93
22 31 45
22 32 59
22 33 51
22 34 4
22 35 18
22 36 27
22 37 61
22 38 71
22 39 99
22 40 2
22 41 71
22 42 4
22 43 4
22 44 67
22 45 13
22 46 33
22 47 3
22 48 29
22 49 96
22 50 11
22 51 87
22 52 13
22 53 73
22 54 90
22 55 36
22 56 22
22 57 34
22 58 67
22 59 28
22 60 55
22 61 87
22 62 23
22 63 57
22 64 51
22 65 24
22 66 42
22 67 46
22 68 36
22 69 70
22 70 15
22 71 55
22 72 8
22 73 90
22 74 68
22 75 16
22 76 30
22 77 69
22 78 83
22 79 80
23 0 15
23 1 73
23 2 73
23 3 15
23 4 62
23 5 84
23 6 44
23 7 57
23 8 91
23 9 94
23 10 24
23 11 16
23 12 33
23 13 65
23 14 89
23 15 32
23 16 66
23 17 1
23 18 75
23 19 48
23 20 79
23 21 71
23 22 52
23 24 52
23 25 51
23 26 71
23 27 17
23 28 36
23 29 75
23 30 38
23 31 79
23 32 79
23 33 33
23 34 8
23 35 71
23 36 35
23 37 73
23 38 25
23 39 58
23 40 18
23 41 85
23 42 10
23 43 69
23 44 82
23 45 16
23 46 23
23 47 99
23 48 5
23 49 84
23 50 90
23 51 91
23 52 86
23 53 37
23 54 39
23 55 99
23 56 48
23 57 12
23 58 86
23 59 82
23 60 100
23 61 66
23 62 95
23 63 63
23 64 39
23 65 26
23 66 60
23 67 29
23 68 97
23 69 83
23 70 86
23 71 41
23 72 68
23 73 21
23 74 42
23 75 20
23 76 5
23 77 29
23 78 60
23 79 89
24 0 23
24 1 9
24 2 44
24 3 68
24 4 15
24 5 28
24 6 35
24 7 64
24 8 43
24 9 71
24 10 30
24 11 87
24 12 95
24 13 13
24 14 100
24 15 65
24 16 64
24 17 72
24 18 23
24 19 67
24 20 47
24 21 47
24 22 18
24 23 98
24 25 28
24 26 12
24 27 65
24 28 97
24 29 73
24 30 78
24 31 99
24 32 56
24 33 14
24 34 14
24 35 72
24 36 32
24 37 19
24 38 11
24 39 28
24 40 47
24 41 62
24 42 87
24 43 63
24 44 28
24 45 46
24 46 43
24 47 29
24 48 31
24 49 34
24 50 55
24 51 88
24 52 47
24 53 14
24 54 8
24 55 60
24 56 60
24 57 75
24 58 50
24 59 95
24 60 54
24 61 69
24 62 25
24 63 11
24 64 79
24 65 35
24 66 97
24 67 79
24 68 89
24 69 54
24 70 15
24 71 83
24 72 18
24 73 4
24 74 94
24 75 37
24 76 88
24 77 5
24 78 35
24 79 75
25 0 61
25 1 26
25 2 30
25 3 79
25 4 81
25 5 70
25 6 36
25 7 90
25 8 59
25 9 76
25 10 31
25 11 41
25 12 98
25 13 16
25 14 54
25 15 55
25 16 22
25 17 33
25 18 50
25 19 61
25 20 81
25 21 77
25 22 51
25 23 32
25 24 20
25 26 67
25 27 54
25 28 29
25 29 16
25 30 45
25 31 76
25 32 47
25 33 65
25 34 1
25 35 13
25 36 8
25 37 31
25 38 11
25 39 43
25 40 92
25 41 77
25 42 96
25 43 54
25 44 3
25 45 49
25 46 46
25 47 45
25 48 82
25 49 7
25 50 53
25 51 23
25 52 82
25 53 33
25 54 62
25 55 5
25 56 42
25 57 16
25 58 56
25 59 63
25 61 23
25 62 10
25 63 96
25 64 52
25 65 36
25 66 35
25 67 97
25 68 81
25 69 3
25 70 59
25 71 12
25 72 15
25 73 95
25 74 70
25 75 32
25 76 70
25 77 43
25 78 2
25 79 88
26 0 88
26 1 89
26 2 57
26 3 94
26 4 31
26 5 38
26 6 69
26 7 30
26 8 28
26 9 15
26 10 97
26 11 11
26 12 62
26 13 4
26 14 42
26 15 100
26 16 89
26 17 54
26 19 23
26 20 59
26 21 85
26 22 64
26 23 31
26 24 14
26 25 99
26 27 57
26 28 6
26 29 20
26 30 38
26 31 1
26 32 84
26 33 50
26 34 18
26 35 93
26 36 8
26 37 42
26 38 92
26 39 80
26 40 24
26 41 76
26 42 57
26 43 34
26 44 92
26 45 94
26 46 81
26 48 79
26 49 35
26 50 74
26 51 17
26 52 96
26 53 60
26 54 57
26 55 10
26 56 73
26 57 12
26 58 38
26 59 89
26 60 25
26 61 22
26 62 46
26 63 56
26 64 30
26 65 31
26 66 89
26 67 47
26 68 7
26 69 45
26 70 82
26 71 29
26 72 69
26 73 6
26 74 70
26 75 33
26 77 16
26 78 95
26 79 20
27 0 27
27 1 55
27 2 17
27 4 100
27 5 11
27 6 29
27 7 96
27 8 69
27 9 80
27 10 75
27 11 34
27 12 35
27 13 24
27 14 22
27 15 100
27 16 61
27 17 87
27 18 15
27 19 82
27 20 78
27 21 22
27 22 26
27 23 12
27 24 86
27 25 79
27 26 16
27 28 24
27 29 94
27 30 84
27 31 53
27 32 11
27 33 27
27 34 94
27 35 1
27 36 41
27 37 1
27 38 88
27 39 76
27 40 51
27 41 94
27 42 15
27 43 62
27 44 70
27 45 89
27 46 67
27 47 64
27 48 37
27 49 74
27 50 97
27 51 99
27 52 4
27 53 26
27 54 52
27 55 86
27 56 24
27 57 78
27 58 24
27 59 42
27 60 45
27 61 26
27 62 6
27 63 30
27 64 34
27 65 6
27 66 98
27 67 33
27 68 93
27 69 7
27 70 10
27 71 42
27 72 92
27 73 50
27 75 34
27 76 25
27 77 42
27 78 96
27 79 70
28 0 73
28 1 94
28 2 83
28 3 20
28 4 61
28 5 57
28 6 22
28 7 52
28 8 13
28 9 55
28 10 82
28 11 68
28 12 90
28 13 97
28 14 44
28 15 5
28 16 37
28 17 22
28 18 86
28 19 66
28 20 35
28 21 82
28 22 60
28 23 31
28 24 30
28 25 26
28 26 53
28 27 74
28 29 99
28 30 90
28 31 37
28 32 33
28 33 12
28 34 1
28 35 22
28 36 58
28 37 22
28 38 14
28 39 25
28 40 33
28 41 91
28 42 17
28 43 61
28 44 12
28 45 66
28 46 82
28 47 11
28 48 76
28 50 53
28 51 72
28 52 25
28 53 1
28 54 69
28 55 24
28 56 15
28 57 30
28 58 6
28 59 20
28 60 4
28 61 53
28 62 77
28 63 47
28 64 1
28 65 41
28 66 78
28 67 65
28 68 92
28 69 20
28 70 9
28 71 51
28 72 96
28 73 18
28 74 15
28 75 7
28 76 7
28 77 69
28 78 67
28 79 53
29 0 37
29 1 37
29 2 62
29 3 68
29 4 63
29 5 45
29 6 10
29 7 9
29 8 99
29 9 70
29 10 38
29 11 8
29 12 57
29 13 74
29 14 38
29 15 83
29 16 23
29 17 51
29 18 76
29 19 21
29 20 62
29 21 14
29 22 16
29 23 94
29 24 89
29 25 37
29 26 49
29 27 8
29 28 81
29 30 80
29 31 89
29 32 98
29 33 36
29 34 80
29 35 51
29 37 99
29 38 25
29 39 45
29 40 95
29 41 23
29 42 64
29 43 40
29 44 100
29 45 50
29 46 29
29 47 73
29 48 99
29 49 52
29 50 58
29 51 85
29 52 38
29 53 61
29 54 26
29 55 53
29 56 10
29 57 7
29 58 71
29 59 10
29 60 31
29 61 96
29 62 29
29 63 82
29 64 71
29 65 65
29 66 90
29 67 15
29 68 14
29 69 8
29 70 59
29 71 4
29 72 38
29 73 9
29 74 43
29 75 34
29 76 55
29 77 66
29 78 63
29 79 37
30 0 54
30 1 59
30 2 50
30 3 42
30 4 10
30 5 97
30 6 58
30 7 60
30 8 50
30 9 45
30 10 43
30 11 43
30 12 82
30 13 26
30 14 23
30 15 49
30 16 9
30 17 77
30 18 32
30 19 68
30 20 8
30 21 26
30 22 40
30 23 47
30 24 43
30 25 12
30 26 12
30 27 96
30 28 87
30 29 9
30 31 6
30 32 3
30 33 37
30 34 94
30 35 27
30 36 4
30 37 85
30 38 60
30 39 35
30 40 70
30 41 40
30 42 33
30 43 90
30 44 43
30 45 25
30 46 91
30 47 53
30 48 61
30 49 90
30 50 93
30 51 53
30 52 4
30 53 1
30 54 69
30 55 3
30 56 6
30 57 49
30 58 55
30 59 17
30 60 92
30 61 92
30 62 31
30 63 70
30 64 55
30 65 58
30 66 98
30 67 65
30 68 51
30 69 87
30 70 8
30 71 51
30 72 62
30 73 70
30 74 93
30 75 79
30 76 100
30 77 46
30 78 87
30 79 67
31 0 63
31 1 84
31 2 91
31 3 79
31 4 77
31 5 98
31 6 89
31 7 45
31 8 76
31 9 28
31 10 58
31 11 70
31 12 10
31 13 88
31 14 29
31 15 80
31 16 96
31 17 41
31 18 14
31 19 66
31 20 93
31 21 55
31 22 12
31 23 14
31 24 52
31 25 86
31 26 18
31 27 84
31 28 4
31 29 38
31 30 45
31 32 87
31 33 16
31 34 23
31 35 91
31 36 28
31 37 14
31 38 29
31 39 4
31 40 95
31 41 99
31 42 10
31 43 11
31 44 29
31 45 90
31 46 4
31 47 88
31 48 20
31 49 77
31 50 79
31 51 45
31 52 53
31 53 57
31 54 32
31 55 32
31 56 54
31 57 92
31 58 16
31 60 63
31 61 2
31 62 96
31 63 27
31 64 14
31 65 82
31 66 68
31 67 26
31 68 72
31 69 23
31 70 76
31 71 48
31 72 30
31 73 25
31 74 80
31 75 78
31 76 46
31 77 18
31 78 93
31 79 53
32 0 57
32 1 56
32 2 10
32 3 24
32 4 20
32 5 14
32 6 67
32 7 95
32 8 52
32 9 46
32 10 62
32 11 57
32 12 56
32 13 96
32 14 95
32 15 31
32 16 56
32 17 47
32 18 95
32 19 82
32 20 21
32 21 34
32 22 4
32 23 20
32 24 3
32 25 23
32 26 53
32 27 44
32 28 94
32 29 99
32 30 25
32 31 67
32 33 44
32 34 59
32 35 100
32 36 14
32 37 43
32 38 44
32 39 90
32 40 84
32 41 51
32 42 85
32 43 56
32 44 66
32 45 37
32 46 22
32 47 40
32 48 96
32 49 41
32 50 19
32 51 91
32 52 72
32 53 4
32 54 33
32 55 26
32 56 46
32 57 88
32 58 43
32 59 26
32 60 30
32 61 99
32 62 6
32 63 12
32 64 43
32 65 93
32 66 70
32 67 85
32 68 11
32 69 77
32 70 29
32 71 12
32 72 4
32 74 44
32 75 53
32 76 76
32 77 44
32 78 89
32 79 99
33 0 30
33 1 6
33 2 1
33 3 46
33 4 71
33 5 54
33 6 36
33 7 30
33 8 57
33 9 64
33 10 82
33 11 88
33 12 59
33 13 62
33 14 18
33 15 93
33 16 90
33 17 90
33 18 8
33 19 63
33 20 8
33 21 8
33 22 39
33 23 81
33 24 97
33 25 86
33 26 56
33 27 92
33 28 26
33 29 87
33 30 61
33 31 86
33 32 43
33 34 90
33 35 90
33 36 48
33 37 96
33 38 18
33 39 51
33 40 78
33 41 5
33 42 75
33 44 53
33 45 25
33 46 68
33 47 84
33 48 54
33 49 2
33 50 98
33 51 5
33 52 99
33 53 79
33 54 61
33 55 67
33 56 56
33 57 30
33 58 73
33 60 91
33 61 88
33 62 5
33 63 65
33 64 72
33 65 9
33 66 54
33 67 59
33 68 49
33 69 39
33 70 24
33 71 96
33 72 44
33 73 54
33 74 68
33 75 88
33 76 65
33 77 44
33 78 55
33 79 29
34 0 46
34 1 51
34 2 93
34 3 79
34 4 37
34 5 18
34 6 14
34 7 78
34 8 33
34 9 25
34 10 4
34 11 1
34 12 41
34 14 65
34 15 58
34 16 73
34 17 60
34 18 88
34 19 64
34 20 90
34 21 88
34 22 87
34 23 40
34 24 94
34 25 47
34 26 5
34 27 14
34 28 91
34 29 79
34 30 13
34 31 93
34 32 56
34 33 97
34 35 45
34 36 37
34 37 64
34 38 27
34 39 21
34 40 42
34 42 65
34 43 70
34 44 46
34 45 98
34 46 49
34 47 10
34 48 66
34 49 19
34 50 72
34 51 14
34 52 43
34 53 28
34 54 24
34 55 69
34 56 88
34 57 86
34 58 20
34 59 5
34 60 49
34 61 35
34 62 28
34 63 8
34 64 86
34 65 30
34 66 51
34 67 69
34 68 4
34 69 100
34 70 74
34 71 82
34 72 99
34 73 92
34 74 8
34 75 63
34 76 7
34 77 35
34 78 8
34 79 95
35 0 90
35 1 57
35 2 62
35 3 69
35 4 45
35 5 59
35 6 57
35 7 26
35 8 15
35 9 9
35 10 75
35 11 73
35 12 99
35 13 99
35 14 2
35 15 11
35 16 33
35 17 1
35 18 19
35 19 84
35 20 87
35 21 93
35 22 48
35 23 25
35 24 91
35 25 59
35 26 3
35 27 26
35 29 19
35 30 11
35 31 14
35 32 17
35 33 53
35 34 25
35 36 11
35 37 38
35 38 51
35 39 5
35 40 96
35 41 54
35 42 43
35 43 13
35 44 41
35 45 94
35 46 47
35 47 85
35 48 85
35 49 62
35 50 56
35 51 99
35 52 82
35 53 12
35 54 25
35 55 87
35 56 18
35 57 25
35 58 86
35 59 78
35 60 60
35 61 6
35 62 62
35 63 84
35 64 94
35 65 2
35 66 5
35 67 3
35 68 48
35 69 3
35 70 81
35 71 70
35 72 42
35 73 52
35 74 55
35 75 42
35 77 23
35 78 58
35 79 62
36 0 29
36 1 27
36 2 48
36 3 84
36 4 84
36 5 23
36 6 42
36 7 8
36 8 57
36 9 31
36 10 71
36 11 34
36 12 64
36 13 70
36 14 39
36 15 64
36 16 28
36 17 24
36 18 57
36 19 64
36 20 5
36 21 83
36 22 92
36 23 87
36 24 15
36 25 86
36 26 28
36 27 46
36 28 62
36 29 91
36 30 5
36 31 21
36 32 70
36 33 28
36 34 75
36 35 23
36 37 60
36 38 80
36 39 49
36 40 51
36 41 83
36 42 82
36 43 99
36 44 81
36 45 100
36 46 90
36 47 55
36 48 65
36 49 10
36 50 24
36 51 63
36 52 8
36 53 71
36 54 70
36 55 94
36 56 92
36 57 18
36 58 16
36 59 51
36 60 59
36 61 97
36 62 11
36 63 83
36 64 49
36 65 43
36 66 35
36 67 91
36 68 49
36 69 74
36 70 67
36 71 76
36 72 52
36 73 97
36 74 89
36 75 69
36 76 26
36 77 14
36 78 33
36 79 21
37 0 36
37 1 16
37 2 29
37 3 25
37 4 89
37 5 69
37 6 84
37 7 90
37 8 47
37 9 26
37 10 42
37 11 48
37 12 10
37 13 38
37 14 15
37 15 65
37 16 63
37 17 76
37 18 62
37 19 31
37 20 52
37 21 59
37 22 34
37 23 36
37 24 97
37 25 76
37 26 11
37 27 16
37 28 60
37 29 38
37 30 91
37 31 91
37 32 5
37 33 65
37 34 96
37 35 85
37 36 65
37 38 81
37 39 38
37 40 7
37 41 58
37 42 34
37 43 68
37 44 70
37 45 17
37 46 63
37 47 49
37 48 61
37 49 46
37 50 96
37 51 27
37 52 2
37 53 29
37 54 44
37 55 8
37 56 81
37 57 14
37 58 72
37 59 38
37 60 89
37 61 38
37 62 56
37 63 50
37 64 69
37 65 72
37 66 85
37 67 70
37 69 12
37 70 30
37 71 7
37 72 64
37 73 49
37 74 16
37 75 69
37 76 13
37 77 38
37 78 77
37 79 17
38 0 57
38 1 56
38 2 43
38 3 41
38 4 69
38 5 28
38 6 63
38 7 28
38 8 38
38 9 62
38 10 57
38 11 99
38 12 97
38 13 87
38 14 10
38 15 25
38 16 39
38 17 45
38 18 5
38 19 4
38 20 78
38 21 68
38 22 21
38 23 74
38 24 77
38 25 8
38 26 35
38 27 23
38 28 100
38 29 64
38 30 69
38 31 36
38 32 6
38 33 79
38 34 52
38 35 65
38 36 53
38 37 7
38 39 80
38 40 70
38 41 61
38 42 5
38 44 33
38 45 13
38 46 28
38 47 75
38 48 59
38 49 56
38 50 48
38 51 99
38 52 41
38 53 14
38 54 42
38 55 67
38 56 91
38 57 67
38 58 85
38 59 28
38 60 37
38 61 14
38 62 91
38 63 65
38 64 50
38 65 25
38 66 64
38 67 10
38 68 98
38 69 10
38 70 79
38 71 93
38 72 18
38 73 28
38 74 16
38 75 71
38 76 25
38 77 91
38 78 95
38 79 93
39 0 37
39 1 78
39 2 66
39 3 93
39 4 91
39 5 4
39 6 84
39 7 8
39 8 48
39 9 82
39 10 38
39 11 25
39 12 76
39 13 32
39 14 74
39 15 31
39 16 25
39 17 11
39 18 70
39 19 76
39 20 71
39 21 57
39 22 30
39 23 91
39 24 27
39 25 72
39 26 46
39 27 36
39 28 42
39 29 73
39 30 37
39 31 88
39 32 29
39 33 97
39 34 8
39 35 26
39 36 23
39 37 19
39 38 90
39 40 65
39 41 70
39 42 7
39 43 48
39 44 56
39 45 55
39 46 46
39 47 12
39 48 69
39 49 93
39 50 34
39 51 8
39 52 28
39 53 95
39 54 29
39 55 39
39 56 36
39 57 60
39 58 94
39 59 36
39 60 56
39 61 80
39 62 76
39 63 37
39 64 60
39 65 72
39 66 5
39 67 57
39 68 24
39 69 74
39 70 27
39 71 48
39 72 90
39 74 60
39 75 69
39 76 34
39 77 96
39 78 36
40 0 56
40 1 26
40 2 60
40 3 51
40 4 15
40 5 45
40 6 73
40 7 89
40 8 43
40 9 90
40 10 1
40 11 58
40 12 67
40 13 9
40 14 90
40 15 16
40 16 22
40 17 46
40 18 44
40 19 48
40 20 35
40 21 97
40 22 75
40 23 89
40 24 63
40 25 96
40 26 61
40 27 93
40 28 12
40 29 42
40 30 82
40 31 91
40 32 63
40 33 99
40 34 49
40 35 72
40 36 60
40 37 64
40 38 30
40 39 70
40 41 9
40 42 44
40 43 58
40 44 37
40 45 48
40 46 96
40 47 39
40 48 84
40 49 90
40 50 25
40 51 30
40 52 11
40 53 65
40 54 67
40 55 24
40 56 68
40 57 53
40 58 55
40 59 67
40 60 63
40 61 38
40 62 88
40 63 37
40 64 1
40 65 76
40 66 43
40 67 87
40 68 60
40 69 41
40 71 18
40 72 43
40 73 37
40 74 34
40 75 37
40 76 69
40 77 14
40 78 64
40 79 93
41 0 62
41 1 41
41 2 62
41 3 21
41 4 61
41 5 97
41 6 100
41 7 52
41 8 90
41 9 40
41 10 28
41 11 76
41 12 77
41 13 97
41 14 21
41 15 95
41 16 33
41 17 85
41 18 82
41 19 75
41 20 88
41 21 32
41 22 27
41 23 61
41 24 80
41 25 92
41 26 56
41 27 6
41 28 57
41 29 22
41 30 39
41 31 96
41 32 27
41 33 78
41 34 89
41 35 29
41 36 28
41 37 21
41 38 31
41 39 92
41 40 25
41 42 80
41 43 33
41 44 10
41 45 53
41 46 63
41 47 74
41 48 31
41 49 20
41 50 55
41 51 86
41 52 67
41 53 68
41 54 77
41 55 4
41 56 16
41 57 50
41 58 31
41 59 99
41 60 69
41 61 8
41 62 99
41 63 97
41 64 100
41 65 67
41 66 85
41 67 5
41 68 98
41 69 27
41 70 8
41 71 48
41 72 43
41 73 20
41 74 28
41 75 21
41 76 10
41 77 3
41 78 46
41 79 70
42 0 50
42 1 56
42 2 6
42 3 31
42 4 90
42 5 82
42 6 48
42 7 64
42 8 60
42 9 71
42 10 87
42 11 16
42 12 69
42 13 36
42 14 64
42 15 55
42 16 40
42 17 92
42 18 81
42 19 75
42 20 69
42 21 1
42 22 81
42 23 68
42 24 29
42 25 28
42 26 63
42 27 76
42 28 59
42 29 36
42 30 62
42 31 88
42 32 51
42 33 46
42 34 40
42 35 69
42 36 9
42 37 49
42 38 68
42 39 11
42 40 90
42 41 55
42 43 75
42 44 62
42 45 95
42 46 17
42 47 56
42 49 36
42 50 89
42 51 1
42 52 98
42 53 64
42 54 64
42 55 26
42 56 80
42 57 45
42 58 93
42 59 21
42 60 84
42 61 91
42 62 12
42 63 2
42 64 2
42 65 30
42 66 2
42 67 88
42 68 11
42 69 36
42 70 25
42 71 73
42 72 40
42 73 24
42 74 49
42 75 16
42 76 1
42 77 16
42 78 53
42 79 66
43 0 93
43 1 95
43 2 66
43 3 99
43 4 83
43 5 13
43 6 9
43 8 42
43 9 40
43 10 12
43 11 72
43 12 63
43 13 7
43 14 60
43 15 55
43 16 52
43 17 89
43 18 6
43 19 61
43 21 22
43 22 29
43 23 88
43 24 5
43 25 24
43 26 48
43 27 40
43 28 27
43 29 79
43 30 62
43 31 27
43 32 99
43 33 55
43 34 35
43 35 97
43 36 43
43 37 63
43 39 64
43 40 95
43 41 39
43 42 22
43 44 86
43 45 21
43 46 88
43 47 90
43 48 99
43 49 34
43 50 60
43 51 32
43 52 9
43 53 21
43 54 4
43 55 94
43 56 23
43 57 88
43 58 23
43 59 44
43 60 53
43 61 7
43 62 65
43 63 77
43 64 4
43 65 60
43 66 83
43 67 32
43 68 78
43 69 89
43 70 93
43 71 68
43 72 5
43 73 15
43 74 83
43 75 4
43 76 22
43 77 21
43 78 77
43 79 10
44 0 68
44 1 23
44 2 50
44 3 29
44 4 45
44 5 23
44 6 44
44 7 99
44 8 89
44 9 53
44 10 2
44 11 91
44 12 99
44 13 87
44 14 78
44 15 95
44 16 37
44 17 43
44 18 41
44 19 3
44 20 9
44 21 42
44 22 94
44 23 90
44 24 60
44 25 60
44 26 96
44 27 12
44 28 20
44 29 37
44 30 66
44 31 75
44 32 93
44 33 16
44 34 96
44 35 75
44 36 62
44 37 5
44 38 94
44 39 1
44 40 73
44 41 19
44 42 55
44 43 74
44 45 51
44 46 8
44 47 100
44 48 4
44 49 72
44 50 4
44 51 81
44 52 26
44 53 86
44 54 38
44 55 98
44 56 1
44 57 65
44 58 77
44 59 86
44 60 33
44 61 62
44 62 19
44 63 1
44 64 92
44 65 93
44 66 76
44 67 51
44 68 14
44 69 81
44 70 47
44 71 84
44 72 51
44 73 87
44 74 77
44 75 1
44 76 87
44 77 63
44 78 94
44 79 91
45 0 73
45 1 20
45 2 88
45 3 10
45 4 4
45 5 38
45 6 64
45 7 11
45 8 8
45 9 74
45 10 77
45 11 15
45 12 78
45 13 90
45 14 6
45 15 71
45 16 76
45 17 28
45 18 79
45 19 71
45 20 80
45 21 66
45 22 8
45 23 31
45 24 28
45 25 6
45 26 32
45 27 60
45 28 71
45 29 15
45 30 27
45 31 12
45 32 85
45 33 29
45 34 98
45 35 20
45 36 51
45 37 7
45 38 5
45 39 44
45 40 52
45 41 62
45 42 31
45 43 74
45 44 97
45 46 66
45 47 59
45 48 64
45 49 37
45 50 16
45 51 72
45 52 84
45 53 7
45 54 17
45 55 39
45 56 83
45 57 73
45 58 14
45 59 7
45 60 96
45 61 62
45 62 38
45 63 51
45 64 6
45 65 73
45 66 54
45 67 18
45 68 86
45 69 30
45 70 14
45 71 59
45 72 43
45 73 80
45 74 67
45 75 89
45 76 26
45 77 33
45 78 47
45 79 17
46 0 71
46 1 88
46 2 39
46 3 65
46 4 34
46 5 10
46 6 79
46 7 25
46 8 89
46 9 37
46 10 42
46 11 80
46 12 71
46 13 34
46 14 10
46 15 70
46 16 69
46 17 80
46 18 20
46 19 44
46 20 85
46 21 53
46 22 36
46 23 20
46 24 31
46 25 83
46 26 66
46 27 77
46 28 27
46 29 96
46 30 48
46 31 11
46 32 8
46 33 90
46 34 60
46 35 90
46 36 27
46 37 17
46 38 62
46 39 7
46 40 31
46 41 69
46 42 91
46 43 60
46 44 35
46 45 90
46 47 64
46 48 69
46 49 89
46 50 44
46 51 15
46 52 56
46 53 61
46 54 99
46 55 46
46 56 14
46 57 75
46 58 65
46 59 7
46 60 11
46 61 51
46 62 55
46 63 17
46 64 31
46 65 46
46 66 82
46 67 7
46 68 56
46 69 40
46 70 44
46 71 96
46 72 69
46 73 54
46 74 8
46 75 12
46 76 15
46 77 2
46 78 14
46 79 46
47 0 22
47 1 40
47 2 90
47 3 75
47 4 22
47 5 11
47 6 37
47 7 39
47 8 27
47 9 6
47 10 69
47 11 31
47 12 42
47 13 60
47 14 38
47 15 59
47 16 61
47 17 35
47 18 1
47 19 87
47 20 11
47 21 51
47 22 76
47 23 29
47 24 94
47 25 38
47 26 42
47 27 43
47 28 16
47 29 28
47 30 89
47 31 20
47 32 25
47 33 67
47 34 8
47 35 59
47 36 57
47 37 24
47 38 60
47 39 79
47 40 53
47 41 32
47 42 14
47 43 12
47 44 28
47 45 19
47 46 58
47 48 84
47 49 53
47 50 36
47 51 6
47 52 55
47 53 64
47 54 66
47 55 30
47 56 41
47 57 43
47 58 97
47 60 87
47 61 5
47 62 46
47 63 9
47 64 39
47 65 15
47 66 96
47 67 99
47 68 26
47 69 22
47 70 17
47 71 8
47 72 49
47 73 10
47 74 99
47 75 60
47 76 26
47 77 8
47 78 18
47 79 20
48 0 85
48 1 39
48 2 67
48 3 84
48 4 72
48 5 56
48 6 97
48 7 76
48 8 65
48 9 12
48 10 91
48 11 28
48 12 21
48 13 86
48 14 68
48 15 86
48 16 99
48 17 26
48 18 83
48 19 27
48 20 94
48 21 78
48 22 10
48 23 23
48 24 55
48 25 29
48 26 40
48 27 20
48 28 49
48 29 50
48 30 96
48 31 17
48 32 93
48 33 71
48 34 80
48 35 3
48 36 52
48 37 84
48 38 64
48 39 84
48 40 57
48 41 44
48 42 87
48 43 38
48 44 39
48 45 97
48 46 57
48 47 14
48 49 61
48 50 79
48 51 79
48 52 57
48 53 14
48 54 10
48 55 82
48 56 12
48 57 96
48 58 60
48 59 12
48 60 71
48 61 2
48 62 57
48 63 9
48 64 25
48 65 76
48 66 60
48 67 84
48 68 93
48 69 94
48 70 27
48 71 56
48 72 35
48 73 67
48 74 97
48 75 65
48 76 30
48 77 29
48 78 99
48 79 27
49 0 69
49 1 14
49 2 47
49 3 32
49 4 45
49 5 13
49 6 27
49 7 70
49 8 19
49 9 9
49 10 8
49 11 52
49 12 7
49 13 14
49 14 84
49 15 41
49 16 90
49 17 86
49 18 20
49 19 20
49 20 99
49 21 56
49 22 24
49 23 19
49 24 27
49 25 91
49 26 58
49 27 98
49 28 39
49 29 16
49 30 3
49 31 43
49 32 18
49 33 79
49 34 86
49 35 94
49 36 46
49 37 25
49 38 28
49 39 30
49 40 16
49 41 4
49 42 96
49 43 4
49 44 5
49 45 69
49 46 26
49 47 14
49 48 5
49 50 8
49 51 97
49 52 63
49 53 54
49 54 80
49 55 43
49 56 39
49 57 41
49 58 9
49 59 41
49 60 44
49 61 99
49 62 95
49 63 30
49 64 75
49 65 8
49 66 38
49 67 55
49 68 24
49 69 46
49 70 27
49 71 89
49 72 90
49 73 94
49 74 6
49 75 70
49 76 65
49 77 38
49 78 95
49 79 23
50 0 44
50 1 83
50 2 96
50 3 85
50 4 6
50 5 96
50 6 92
50 7 51
50 8 20
50 9 40
50 10 6
50 11 99
50 12 36
50 13 42
50 14 81
50 15 71
50 16 58
50 17 100
50 18 58
50 19 69
50 20 4
50 21 6
50 22 16
50 23 2
50 24 38
50 25 49
50 26 28
50 27 14
50 28 6
50 29 56
50 30 33
50 31 12
50 32 55
50 33 2
50 34 18
50 35 100
50 36 82
50 37 93
50 38 66
50 39 46
50 40 31
50 41 97
50 42 54
50 43 57
50 44 97
50 45 42
50 46 60
50 47 62
50 48 49
50 49 62
50 51 14
50 52 72
50 53 88
50 54 11
50 55 86
50 56 16
50 57 5
50 58 8
50 59 34
50 60 53
50 61 100
50 62 28
50 63 12
50 64 8
50 65 15
50 66 39
50 67 22
50 68 38
50 69 29
50 70 82
50 71 33
50 72 41
50 73 77
50 74 91
50 75 74
50 76 83
50 77 38
50 78 96
50 79 5
51 0 50
51 1 100
51 2 44
51 3 60
51 4 4
51 5 66
51 6 31
51 7 82
51 8 30
51 9 31
51 10 18
51 11 86
51 12 25
51 13 99
51 14 13
51 15 66
51 16 31
51 17 90
51 18 55
51 19 65
51 20 64
51 21 77
51 22 84
51 23 57
51 24 30
51 25 80
51 26 58
51 27 63
51 28 28
51 29 70
51 30 23
51 31 93
51 32 88
51 33 6
51 35 13
51 36 47
51 37 35
51 38 35
51 39 73
51 40 75
51 41 41
51 42 63
51 43 43
51 44 90
51 45 85
51 46 57
51 47 69
51 48 96
51 49 98
51 50 41
51 52 82
51 53 18
51 54 17
51 55 44
51 56 37
51 57 46
51 58 46
51 59 47
51 60 73
51 61 52
51 62 76
51 63 75
51 64 62
51 65 53
51 66 97
51 67 8
51 68 33
51 69 87
51 70 44
51 71 48
51 72 10
51 73 46
51 74 77
51 75 83
51 76 91
51 77 63
51 78 73
51 79 85
52 0 83
52 1 4
52 2 75
52 3 53
52 4 35
52 5 20
52 6 90
52 7 99
52 8 68
52 9 41
52 10 61
52 11 88
52 12 89
52 13 67
52 14 18
52 15 3
52 16 26
52 17 23
52 18 76
52 19 12
52 20 96
52 21 99
52 22 88
52 23 98
52 24 75
52 25 73
52 26 18
52 27 40
52 28 60
52 29 51
52 30 16
52 31 96
52 32 26
52 33 99
52 34 8
52 35 68
52 36 81
52 37 52
52 38 83
52 39 21
52 40 88
52 41 26
52 42 28
52 43 56
52 44 72
52 45 4
52 46 10
52 47 60
52 48 10
52 49 18
52 50 67
52 51 57
52 53 58
52 54 12
52 55 23
52 56 31
52 57 74
52 58 72
52 59 66
52 60 1
52 61 80
52 62 11
52 63 40
52 64 91
52 65 17
52 66 16
52 67 11
52 68 91
52 69 32
52 70 19
52 71 1
52 72 80
52 74 62
52 75 37
52 76 16
52 77 79
52 78 70
52 79 10
53 0 92
53 1 94
53 2 81
53 3 100
53 4 96
53 5 45
53 6 53
53 7 18
53 8 14
53 9 9
53 10 79
53 11 100
53 12 31
53 13 5
53 14 33
53 15 14
53 16 27
53 17 30
53 18 79
53 19 4
53 20 51
53 21 67
53 22 40
53 23 89
53 24 42
53 25 16
53 26 52
53 27 27
53 28 47
53 29 59
53 30 95
53 31 48
53 32 83
53 33 13
53 34 51
53 35 36
53 36 27
53 37 72
53 38 87
53 39 34
53 40 10
53 41 84
53 42 14
53 43 75
53 44 31
53 45 82
53 46 29
53 47 60
53 48 64
53 49 94
53 50 7
53 51 82
53 52 38
53 54 68
53 55 20
53 56 20
53 57 68
53 58 20
53 59 34
53 60 25
53 61 68
53 62 41
53 63 51
53 64 19
53 66 54
53 67 100
53 68 14
53 69 61
53 70 49
53 71 55
53 72 69
53 73 66
53 74 56
53 75 63
53 76 30
53 77 71
53 78 76
53 79 56
54 0 69
54 1 21
54 2 60
54 3 96
54 4 57
54 5 53
54 6 37
54 7 81
54 8 94
54 9 34
54 10 64
54 11 34
54 12 11
54 13 37
54 14 64
54 15 99
54 16 15
54 17 50
54 18 63
54 19 14
54 20 71
54 21 94
54 22 95
54 23 37
54 24 66
54 25 47
54 26 33
54 27 59
54 28 6
54 29 25
54 30 59
54 31 78
54 32 70
54 33 22
54 34 79
54 35 81
54 36 12
54 37 79
54 38 12
54 39 6
54 40 27
54 41 37
54 42 27
54 43 53
54 44 90
54 45 89
54 46 64
54 47 84
54 48 48
54 49 90
54 50 51
54 51 45
54 52 68
54 53 26
54 55 86
54 56 3
54 57 85
54 58 45
54 59 22
54 60 51
54 61 45
54 62 17
54 63 23
54 64 44
54 65 13
54 66 78
54 67 83
54 68 11
54 69 68
54 70 53
54 71 60
54 72 89
54 73 36
54 74 99
54 75 27
54 76 6
54 77 12
54 78 79
54 79 73
55 0 68
55 1 49
55 2 64
55 3 30
55 4 98
55 5 37
55 6 14
55 7 45
55 8 18
55 9 63
55 10 16
55 11 3
55 12 43
55 13 47
55 14 14
55 15 51
55 16 37
55 17 24
55 18 43
55 19 21
55 20 21
55 21 27
55 22 49
55 23 67
55 24 61
55 25 20
55 26 62
55 27 10
55 28 81
55 29 33
55 30 62
55 31 10
55 32 35
55 33 30
55 34 27
55 35 82
55 36 16
55 37 57
55 38 17
55 39 5
55 40 78
55 41 12
55 42 47
55 43 44
55 44 43
55 45 69
55 46 17
55 47 74
55 48 23
55 49 29
55 50 54
55 51 50
55 52 37
55 53 4
55 54 76
55 56 2
55 57 41
55 58 73
55 59 10
55 60 44
55 61 7
55 62 79
55 63 75
55 64 28
55 65 88
55 66 19
55 67 93
55 68 61
55 69 53
55 70 89
55 71 24
55 72 84
55 73 16
55 74 62
55 75 55
55 76 95
55 77 83
55 78 72
55 79 7
56 0 73
56 1 5
56 2 97
56 3 17
56 4 11
56 5 99
56 6 10
56 7 95
56 8 83
56 9 43
56 10 95
56 11 63
56 12 34
56 13 92
56 14 86
56 15 34
56 16 13
56 17 90
56 18 24
56 19 40
56 20 14
56 21 39
56 22 77
56 23 22
56 24 43
56 25 71
56 26 62
56 27 70
56 28 55
56 29 9
56 30 51
56 31 40
56 32 10
56 33 43
56 34 64
56 35 40
56 36 87
56 37 40
56 38 24
56 39 95
56 40 38
56 41 65
56 42 1
56 43 51
56 44 54
56 45 20
56 46 82
56 47 27
56 48 53
56 49 64
56 50 75
56 51 67
56 52 59
56 53 26
56 54 98
56 55 8
56 57 11
56 58 59
56 59 19
56 60 99
56 61 18
56 62 26
56 63 19
56 64 21
56 65 91
56 66 87
56 67 51
56 68 6
56 69 48
56 70 15
56 71 42
56 72 52
56 73 52
56 74 33
56 75 7
56 76 77
56 77 26
56 78 30
56 79 62
57 0 76
57 1 68
57 2 15
57 3 36
57 4 34
57 5 95
57 6 18
57 7 21
57 8 90
57 9 21
57 10 11
57 11 27
57 12 92
57 13 16
57 14 47
57 15 25
57 16 56
57 17 17
57 18 33
57 19 25
57 20 32
57 21 98
57 22 90
57 23 3
57 24 64
57 25 96
57 26 59
57 27 25
57 29 89
57 30 1
57 31 24
57 32 41
57 33 36
57 34 26
57 35 61
57 36 95
57 37 71
57 38 29
57 39 80
57 40 7
57 41 63
57 42 43
57 43 67
57 44 6
57 45 68
57 46 72
57 47 60
57 48 35
57 49 6
57 50 42
57 51 71
57 52 98
57 53 76
57 54 42
57 55 41
57 56 100
57 58 80
57 59 59
57 60 22
57 61 60
57 62 74
57 63 54
57 64 93
57 65 68
57 66 44
57 67 6
57 68 47
57 69 51
57 70 3
57 71 30
57 72 41
57 73 58
57 74 43
57 75 8
57 76 24
57 77 98
57 78 77
57 79 22
58 0 93
58 1 7
58 2 64
58 3 96
58 4 45
58 5 86
58 6 55
58 7 28
58 8 48
58 9 36
58 10 26
58 11 23
58 12 72
58 13 62
58 14 10
58 15 39
58 16 38
58 17 2
58 18 11
58 19 99
58 20 18
58 21 6
58 22 53
58 23 69
58 24 21
58 25 55
58 26 5
58 27 100
58 28 2
58 29 62
58 30 69
58 31 51
58 32 43
58 33 16
58 34 19
58 35 98
58 36 23
58 37 73
58 38 94
58 39 81
58 40 2
58 41 20
58 42 96
58 43 22
58 44 35
58 45 71
58 46 16
58 47 61
58 48 64
58 49 51
58 50 18
58 51 24
58 52 81
58 53 100
58 54 85
58 55 77
58 56 85
58 57 43
58 59 24
58 60 9
58 61 21
58 62 65
58 63 45
58 64 77
58 65 61
58 66 100
58 67 36
58 68 3
58 69 52
58 70 11
58 71 49
58 72 64
58 73 54
58 74 67
58 75 7
58 76 86
58 77 68
58 78 26
58 79 84
59 0 9
59 1 35
59 2 51
59 3 36
59 4 29
59 5 33
59 6 66
59 7 60
59 8 45
59 9 100
59 10 89
59 11 9
59 12 17
59 13 77
59 14 38
59 15 38
59 16 39
59 17 73
59 18 37
59 19 73
59 20 92
59 21 32
59 22 91
59 23 82
59 24 9
59 25 82
59 26 65
59 27 28
59 28 37
59 29 69
59 30 95
59 31 55
59 32 9
59 33 87
59 34 60
59 35 91
59 36 21
59 37 32
59 38 25
59 39 76
59 40 4
59 41 81
59 42 7
59 43 30
59 44 53
59 45 67
59 46 24
59 47 13
59 48 18
59 49 63
59 50 64
59 51 84
59 52 33
59 53 11
59 54 7
59 55 8
59 56 38
59 57 44
59 58 44
59 60 76
59 61 53
59 62 3
59 63 13
59 64 16
59 65 80
59 66 80
59 67 12
59 68 80
59 69 100
59 70 89
59 71 4
59 72 27
59 73 29
59 74 12
59 75 49
59 76 30
59 77 7
59 78 24
59 79 14
60 0 77
60 1 52
60 2 92
60 3 16
60 4 84
60 5 2
60 6 15
60 7 15
60 8 21
60 9 32
60 10 10
60 11 20
60 12 85
60 13 21
60 14 26
60 15 17
60 16 34
60 17 68
60 18 6
60 19 25
60 20 77
60 21 20
60 22 28
60 23 9
60 24 62
60 25 8
60 26 7
60 28 75
60 29 42
60 30 73
60 31 52
60 32 9
60 33 55
60 34 48
60 35 72
60 36 49
60 37 60
60 38 60
60 39 12
60 40 93
60 41 61
60 42 51
60 43 12
60 44 62
60 45 25
60 46 58
60 47 12
60 48 19
60 49 84
60 50 71
60 51 8
60 52 9
60 53 100
60 54 29
60 55 30
60 56 56
60 57 10
60 58 50
60 59 15
60 61 19
60 62 4
60 63 13
60 64 98
60 65 10
60 66 71
60 67 8
60 68 3
60 69 49
60 70 39
60 71 89
60 72 43
60 73 50
60 74 87
60 75 9
60 76 84
60 77 80
60 78 94
60 79 12
61 0 60
61 1 81
61 2 36
61 3 27
61 4 93
61 5 10
61 6 32
61 7 58
61 8 20
61 9 81
61 10 44
61 11 60
61 12 69
61 13 10
61 14 17
61 15 76
61 16 61
61 17 20
61 18 56
61 19 90
61 20 18
61 21 97
61 22 40
61 23 97
61 24 50
61 25 52
61 26 25
61 27 28
61 28 15
61 29 71
61 30 13
61 31 25
61 32 24
61 33 63
61 34 66
61 35 39
61 36 85
61 37 57
61 38 5
61 39 62
61 40 92
61 41 16
61 42 81
61 43 16
61 44 44
61 45 76
61 46 54
61 47 6
61 48 3
61 49 31
61 50 95
61 51 15
61 52 81
61 53 3
61 54 68
61 55 61
61 56 79
61 57 62
61 58 12
61 59 13
61 60 88
61 62 87
61 63 90
61 64 77
61 65 12
61 66 27
61 67 31
61 68 56
61 69 58
61 70 22
61 71 79
61 72 27
61 73 82
61 74 54
61 75 69
61 76 44
61 77 26
61 78 55
61 79 62
62 0 31
62 1 65
62 2 14
62 3 74
62 4 100
62 5 71
62 6 1
62 7 98
62 8 35
62 9 75
62 10 69
62 11 43
62 12 74
62 13 18
62 14 97
62 15 69
62 16 39
62 17 61
62 18 84
62 19 44
62 20 41
62 21 71
62 22 5
62 23 98
62 24 38
62 25 73
62 26 54
62 27 47
62 28 90
62 29 23
62 30 67
62 31 47
62 32 34
62 33 67
62 34 46
62 35 84
62 36 70
62 37 48
62 38 99
62 39 74
62 40 36
62 41 79
62 42 65
62 43 3
62 44 18
62 45 20
62 46 88
62 47 97
62 48 91
62 49 58
62 50 2
62 51 88
62 52 14
62 53 65
62 54 7
62 55 62
62 56 21
62 57 95
62 58 86
62 59 36
62 60 73
62 63 29
62 64 95
62 65 3
62 66 78
62 67 8
62 68 87
62 69 83
62 70 21
62 71 67
62 72 35
62 73 65
62 74 55
62 75 54
62 76 35
62 77 32
62 78 10
62 79 47
63 0 73
63 1 72
63 2 69
63 3 57
63 4 21
63 5 13
63 6 36
63 7 37
63 8 64
63 9 24
63 10 90
63 11 32
63 12 23
63 13 49
63 14 44
63 15 38
63 16 29
63 17 7
63 18 98
63 19 89
63 20 58
63 21 46
63 22 10
63 23 75
63 24 91
63 25 29
63 26 85
63 27 68
63 28 20
63 29 81
63 30 7
63 31 45
63 32 100
63 33 21
63 34 84
63 35 8
63 36 91
63 37 3
63 38 7
63 39 17
63 40 97
63 41 7
63 42 15
63 43 34
63 45 14
63 46 1
63 47 9
63 48 98
63 49 46
63 50 80
63 51 70
63 52 59
63 53 97
63 54 69
63 55 51
63 56 38
63 57 65
63 58 47
63 59 3
63 60 38
63 61 61
63 62 84
63 64 40
63 65 89
63 66 5
63 67 23
63 68 88
63 69 6
63 70 20
63 71 88
63 72 65
63 73 34
63 74 50
63 75 27
63 76 32
63 77 31
63 78 15
63 79 59
64 0 90
64 1 44
64 2 94
64 3 64
64 4 61
64 5 31
64 6 47
64 7 46
64 8 19
64 9 2
64 10 91
64 11 47
64 12 18
64 13 52
64 14 10
64 15 25
64 16 36
64 17 71
64 19 20
64 20 32
64 21 98
64 22 18
64 23 12
64 24 32
64 25 29
64 26 29
64 27 43
64 28 87
64 29 6
64 30 21
64 31 66
64 32 77
64 33 92
64 34 50
64 35 36
64 36 93
64 37 74
64 38 8
64 39 88
64 40 7
64 41 9
64 42 75
64 43 42
64 44 91
64 45 78
64 46 42
64 47 35
64 48 57
64 49 95
64 50 29
64 51 58
64 52 34
64 53 56
64 54 6
64 55 28
64 56 61
64 57 52
64 58 100
64 59 68
64 60 22
64 61 71
64 62 5
64 63 57
64 65 85
64 66 5
64 67 41
64 68 24
64 69 70
64 70 67
64 71 75
64 72 94
64 73 96
64 74 22
64 75 71
64 76 95
64 77 85
64 78 90
64 79 72
65 0 42
65 1 45
65 2 35
65 3 24
65 4 78
65 5 77
65 6 34
65 7 38
65 8 75
65 9 64
65 10 37
65 11 90
65 12 84
65 13 61
65 14 49
65 15 14
65 16 98
65 17 62
65 18 48
65 19 96
65 20 26
65 21 84
65 22 26
65 23 87
65 24 42
65 25 10
65 26 44
65 27 31
65 28 71
65 29 4
65 30 22
65 31 30
65 32 53
65 33 73
65 34 82
65 35 73
65 36 57
65 37 51
65 38 6
65 39 24
65 40 93
65 42 41
65 43 60
65 44 51
65 45 11
65 46 49
65 47 80
65 48 83
65 49 33
65 50 71
65 51 42
65 52 76
65 53 20
65 54 91
65 55 50
65 56 91
65 57 17
65 58 88
65 59 3
65 60 40
65 61 50
65 62 6
65 63 90
65 64 14
65 66 35
65 67 30
65 68 55
65 69 46
65 70 42
65 71 34
65 72 70
65 73 87
65 74 38
65 75 8
65 76 11
65 77 36
65 78 57
65 79 39
66 0 27
66 1 4
66 2 89
66 3 20
66 4 67
66 5 56
66 6 51
66 7 24
66 8 8
66 9 44
66 10 80
66 11 14
66 12 14
66 13 71
66 14 99
66 15 98
66 16 47
66 17 26
66 18 59
66 19 73
66 20 52
66 21 48
66 22 99
66 23 78
66 24 50
66 25 95
66 26 38
66 27 48
66 28 71
66 29 1
66 30 95
66 31 73
66 32 20
66 33 32
66 34 37
66 35 1
66 36 30
66 37 38
66 38 13
66 39 26
66 40 4
66 41 24
66 42 89
66 43 71
66 44 88
66 45 10
66 46 81
66 47 6
66 48 79
66 49 17
66 50 61
66 51 70
66 52 71
66 53 18
66 54 78
66 55 21
66 56 56
66 57 11
66 58 29
66 59 20
66 60 88
66 61 14
66 62 28
66 63 90
66 64 63
66 65 60
66 67 89
66 68 94
66 69 57
66 70 34
66 71 62
66 72 10
66 73 43
66 74 60
66 75 77
66 76 89
66 77 42
66 78 6
66 79 62
67 0 50
67 1 94
67 2 35
67 3 83
67 4 3
67 5 59
67 6 27
67 7 98
67 8 7
67 9 5
67 10 82
67 11 60
67 12 20
67 13 100
67 14 68
67 15 57
67 16 87
67 17 1
67 18 77
67 19 19
67 20 48
67 21 56
67 22 54
67 23 70
67 24 36
67 25 73
67 26 17
67 27 70
67 28 74
67 29 81
67 30 94
67 31 23
67 32 71
67 33 77
67 34 54
67 35 84
67 36 51
67 37 26
67 38 83
67 39 3
67 40 29
67 41 67
67 42 62
67 43 10
67 44 23
67 45 31
67 46 6
67 47 7
67 48 3
67 49 45
67 50 32
67 51 66
67 52 30
67 53 47
67 54 48
67 55 65
67 56 95
67 57 50
67 58 93
67 59 4
67 60 88
67 61 28
67 62 39
67 63 19
67 64 36
67 65 37
67 66 23
67 68 43
67 69 94
67 70 63
67 71 20
67 72 95
67 73 14
67 74 97
67 75 21
67 76 2
67 77 50
67 78 6
67 79 1
68 0 91
68 1 97
68 2 45
68 3 84
68 4 76
68 5 19
68 6 2
68 7 54
68 8 29
68 9 78
68 10 42
68 11 70
68 12 57
68 13 83
68 14 1
68 15 83
68 16 40
68 17 66
68 18 22
68 19 97
68 20 66
68 21 14
68 22 94
68 23 15
68 24 32
68 25 36
68 26 1
68 27 21
68 28 25
68 29 4
68 30 79
68 31 92
68 32 93
68 33 34
68 34 68
68 35 8
68 36 85
68 37 56
68 38 95
68 39 75
68 40 100
68 41 61
68 42 32
68 43 21
68 44 41
68 45 67
68 46 19
68 47 97
68 48 93
68 49 87
68 50 59
68 51 74
68 52 32
68 53 71
68 54 49
68 55 54
68 56 15
68 57 9
68 58 55
68 59 92
68 60 43
68 61 22
68 62 64
68 63 65
68 64 26
68 65 20
68 66 67
68 67 93
68 69 56
68 70 100
68 71 46
68 72 8
68 73 79
68 74 19
68 75 92
68 76 74
68 77 30
68 78 24
68 79 90
69 0 43
69 1 62
69 2 46
69 3 78
69 4 90
69 5 70
69 6 72
69 7 10
69 8 35
69 9 47
69 10 69
69 11 87
69 12 96
69 13 45
69 14 30
69 15 62
69 16 62
69 17 54
69 18 91
69 19 34
69 20 41
69 21 57
69 22 33
69 23 40
69 24 93
69 25 74
69 26 75
69 27 22
69 28 59
69 29 83
69 30 98
69 31 28
69 32 77
69 33 44
69 34 51
69 35 5
69 36 71
69 37 10
69 38 24
69 39 78
69 40 43
69 41 83
69 42 60
69 43 6
69 44 40
69 45 58
69 46 65
69 47 5
69 48 88
69 49 41
69 50 9
69 51 91
69 52 54
69 53 42
69 54 80
69 55 17
69 56 37
69 57 40
69 58 4
69 59 68
69 60 34
69 61 78
69 62 33
69 63 27
69 64 99
69 65 42
69 66 28
69 67 27
69 68 13
69 70 9
69 71 82
69 72 24
69 73 14
69 74 74
69 75 27
69 76 45
69 77 58
69 78 84
69 79 54
70 0 60
70 1 24
70 2 48
70 3 77
70 4 51
70 5 83
70 6 71
70 7 8
70 8 51
70 9 92
70 10 51
70 11 77
70 12 65
70 13 48
70 14 47
70 15 87
70 16 77
70 17 71
70 18 6
70 19 36
70 20 60
70 21 67
70 22 9
70 23 1
70 24 38
70 25 20
70 26 96
70 27 89
70 28 3
70 29 70
70 30 57
70 31 90
70 32 78
70 33 86
70 34 39
70 35 75
70 36 98
70 37 19
70 38 6
70 39 85
70 40 85
70 41 97
70 42 42
70 43 64
70 44 22
70 45 71
70 46 31
70 47 92
70 48 1
70 49 91
70 50 14
70 51 52
70 52 97
70 53 57
70 54 31
70 55 47
70 56 27
70 57 37
70 58 48
70 59 78
70 60 92
70 61 81
70 62 78
70 63 14
70 64 34
70 65 5
70 66 47
70 67 74
70 68 96
70 69 84
70 71 23
70 72 30
70 73 33
70 74 82
70 75 53
70 76 68
70 77 24
70 78 22
70 79 41
71 0 2
71 1 50
71 2 72
71 3 32
71 4 82
71 5 23
71 6 82
71 7 25
71 8 15
71 9 67
71 10 74
71 11 6
71 12 58
71 13 77
71 14 92
71 15 29
71 16 98
71 17 10
71 18 12
71 19 66
71 20 64
71 21 63
71 22 69
71 23 17
71 24 92
71 25 80
71 26 45
71 27 56
71 28 72
71 29 71
71 30 19
71 31 15
71 32 5
71 33 41
71 34 91
71 35 96
71 36 82
71 37 5
71 38 9
71 39 39
71 40 97
71 41 42
71 42 15
71 43 8
71 44 83
71 45 15
71 46 36
71 47 54
71 48 44
71 49 96
71 50 99
71 51 44
71 52 50
71 53 3
71 54 56
71 55 23
71 56 5
71 57 61
71 58 40
71 59 68
71 60 70
71 61 17
71 62 61
71 63 83
71 64 63
71 65 24
71 66 4
71 67 77
71 68 59
71 69 38
71 70 8
71 72 46
71 73 65
71 74 47
71 75 91
71 76 14
71 77 92
71 78 20
71 79 20
72 0 63
72 1 99
72 2 69
72 3 42
72 4 77
72 5 78
72 6 75
72 7 72
72 8 43
72 9 27
72 10 34
72 11 87
72 12 79
72 13 45
72 14 83
72 15 90
72 16 28
72 17 54
72 18 92
72 19 37
72 20 21
72 21 7
72 22 6
72 23 17
72 24 79
72 25 99
72 26 11
72 27 87
72 28 84
72 29 38
72 30 11
72 31 89
72 32 70
72 33 16
72 34 72
72 35 19
72 36 47
72 37 6
72 38 66
72 39 51
72 40 100
72 41 27
72 42 45
72 43 88
72 44 73
72 45 10
72 46 92
72 47 95
72 48 21
72 49 28
72 50 26
72 51 19
72 52 40
72 53 66
72 54 38
72 55 6
72 56 94
72 57 1
72 58 61
72 59 18
72 60 31
72 61 47
72 62 70
72 63 63
72 64 50
72 65 84
72 66 6
72 67 77
72 68 72
72 69 28
72 70 22
72 71 87
72 73 57
72 74 34
72 75 90
72 76 94
72 77 75
72 78 79
72 79 3
73 0 1
73 1 24
73 2 6
73 3 100
73 4 73
73 5 90
73 6 6
73 7 75
73 8 52
73 9 74
73 10 48
73 11 93
73 12 31
73 13 64
73 14 8
73 15 59
73 16 27
73 17 98
73 18 37
73 19 65
73 20 63
73 21 92
73 22 1
73 23 27
73 24 7
73 25 80
73 26 26
73 27 72
73 28 85
73 29 64
73 30 77
73 31 90
73 32 82
73 33 63
73 34 87
73 35 16
73 36 31
73 37 79
73 38 22
73 39 11
73 40 50
73 41 45
73 42 55
73 43 96
73 44 95
73 45 22
73 46 94
73 47 86
73 48 58
73 49 58
73 50 85
73 51 71
73 52 22
73 53 71
73 54 14
73 55 19
73 56 100
73 57 5
73 58 97
73 59 98
73 60 46
73 61 16
73 62 7
73 63 9
73 64 95
73 65 13
73 66 93
73 67 24
73 68 61
73 69 52
73 70 20
73 71 50
73 72 64
73 74 15
73 75 34
73 76 7
73 77 20
73 78 56
73 79 87
74 0 15
74 1 22
74 2 85
74 3 53
74 4 48
74 5 87
74 6 100
74 7 15
74 8 18
74 9 61
74 10 39
74 11 46
74 12 92
74 13 75
74 14 92
74 15 43
74 16 37
74 17 77
74 18 20
74 19 57
74 20 80
74 21 64
74 22 58
74 23 41
74 24 14
74 25 56
74 26 28
74 27 54
74 28 48
74 29 33
74 30 28
74 31 50
74 32 9
74 33 38
74 34 48
74 35 13
74 36 97
74 37 91
74 38 76
74 39 38
74 40 82
74 41 93
74 42 29
74 43 40
74 44 11
74 45 31
74 46 13
74 47 13
74 48 48
74 49 97
74 50 90
74 51 33
74 52 85
74 53 67
74 54 95
74 55 51
74 56 67
74 58 34
74 59 95
74 60 49
74 61 35
74 62 34
74 63 64
74 64 84
74 65 15
74 66 44
74 67 12
74 68 99
74 69 67
74 70 39
74 71 21
74 72 63
74 73 55
74 75 75
74 76 43
74 77 40
74 78 24
74 79 57
75 0 91
75 1 73
75 2 88
75 3 13
75 4 27
75 5 4
75 6 87
75 7 15
75 8 20
75 9 46
75 10 36
75 11 30
75 12 49
75 13 67
75 14 7
75 15 82
75 16 61
75 17 26
75 18 55
75 19 94
75 20 98
75 21 24
75 22 67
75 23 89
75 24 38
75 26 71
75 27 47
75 28 89
75 29 37
75 30 27
75 31 1
75 32 74
75 33 29
75 34 85
75 35 94
75 36 85
75 37 76
75 38 62
75 39 21
75 40 85
75 41 29
75 42 44
75 43 20
75 44 67
75 45 24
75 46 41
75 47 65
75 48 100
75 49 17
75 50 1
75 51 66
75 52 24
75 53 82
75 54 32
75 55 55
75 56 98
75 57 88
75 58 55
75 59 52
75 60 100
75 61 88
75 62 14
75 63 7
75 64 72
75 65 24
75 66 79
75 67 45
75 68 5
75 69 46
75 70 42
75 71 52
75 72 45
75 73 28
75 74 40
75 76 99
75 77 70
75 78 69
75 79 3
76 0 52
76 1 54
76 2 78
76 3 32
76 4 52
76 5 70
76 6 98
76 7 31
76 8 13
76 9 4
76 10 76
76 11 55
76 12 48
76 13 97
76 14 78
76 15 64
76 16 3
76 17 49
76 19 4
76 20 78
76 21 57
76 22 93
76 23 79
76 24 18
76 25 91
76 26 34
76 27 83
76 28 32
76 29 27
76 30 21
76 31 44
76 32 51
76 33 80
76 34 94
76 35 56
76 36 96
76 37 23
76 38 99
76 39 3
76 40 8
76 41 87
76 42 90
76 43 24
76 44 4
76 45 42
76 46 53
76 47 63
76 48 78
76 49 93
76 50 94
76 51 89
76 52 85
76 53 26
76 54 61
76 56 76
76 57 9
76 58 23
76 59 84
76 60 19
76 61 58
76 62 76
76 63 16
76 64 93
76 65 13
76 66 27
76 67 90
76 68 82
76 69 76
76 70 54
76 71 81
76 72 8
76 73 37
76 74 87
76 75 14
76 77 3
76 78 80
76 79 34
77 0 74
77 1 99
77 2 49
77 3 60
77 4 54
77 5 62
77 6 33
77 7 19
77 8 82
77 9 70
77 10 50
77 11 31
77 12 55
77 13 37
77 14 85
77 15 40
77 16 67
77 17 26
77 18 78
77 19 62
77 20 15
77 21 18
77 22 3
77 23 32
77 24 51
77 25 8
77 26 13
77 27 48
77 28 83
77 29 28
77 30 53
77 31 42
77 32 64
77 33 80
77 34 36
77 35 8
77 36 23
77 37 23
77 38 81
77 39 74
77 40 76
77 41 12
77 42 98
77 43 75
77 44 81
77 45 46
77 46 88
77 47 92
77 48 73
77 49 37
77 50 24
77 51 33
77 52 22
77 53 29
77 54 91
77 55 25
77 56 15
77 57 13
77 58 10
77 59 42
77 60 35
77 61 63
77 62 96
77 63 39
77 64 91
77 65 58
77 66 43
77 67 80
77 68 92
77 69 76
77 70 39
77 71 28
77 72 73
77 73 7
77 74 54
77 75 41
77 76 58
77 78 97
77 79 57
78 0 10
78 1 14
78 2 23
78 3 45
78 4 4
78 5 98
78 6 11
78 7 69
78 8 16
78 9 92
78 10 49
78 11 95
78 12 93
78 13 6
78 14 46
78 15 21
78 16 68
78 17 11
78 18 51
78 19 56
78 20 27
78 21 10
78 22 21
78 23 97
78 24 73
78 25 98
78 26 70
78 27 90
78 28 25
78 29 31
78 30 66
78 31 57
78 32 98
78 33 21
78 34 73
78 35 35
78 36 28
78 37 96
78 38 68
78 39 11
78 40 10
78 41 47
78 42 99
78 43 47
78 44 5
78 45 22
78 46 55
78 47 18
78 48 14
78 49 70
78 50 33
78 51 23
78 52 88
78 53 89
78 54 87
78 55 87
78 56 11
78 57 41
78 58 19
78 59 86
78 60 82
78 61 56
78 62 51
78 63 58
78 64 61
78 65 69
78 66 91
78 67 37
78 68 49
78 69 64
78 70 11
78 71 89
78 72 69
78 73 14
78 74 45
78 75 36
78 76 4
78 77 12
78 79 14
79 0 13
79 1 68
79 2 12
79 3 6
79 4 59
79 5 86
79 6 1
79 7 42
79 8 88
79 9 64
79 10 79
79 11 19
79 12 5
79 13 7
79 14 72
79 15 86
79 16 38
79 17 36
79 18 96
79 19 72
79 20 33
79 21 80
79 22 39
79 23 29
79 24 99
79 25 100
79 26 4
79 27 88
79 28 35
79 29 99
79 30 61
79 31 59
79 32 94
79 33 69
79 34 93
79 35 72
79 36 48
79 37 56
79 38 56
79 39 87
79 40 43
79 41 77
79 43 20
79 44 33
79 45 57
79 46 53
79 47 56
79 48 17
79 49 23
79 50 83
79 51 12
79 52 10
79 53 90
79 54 45
79 55 68
79 56 33
79 57 62
79 58 32
79 59 81
79 60 66
79 61 77
79 62 40
79 63 87
79 64 10
79 65 94
79 66 86
79 67 73
79 68 34
79 69 3
79 70 26
79 71 87
79 72 99
79 74 80
79 75 17
79 76 23
79 78 12
