60
0 1 8
0 2 81
0 3 100
0 4 60
0 5 38
0 6 97
0 7 31
0 8 16
0 9 44
0 10 82
0 11 82
0 12 75
0 13 34
0 14 15
0 15 53
0 16 70
0 17 82
0 18 13
0 19 45
0 20 68
0 21 26
0 22 97
0 23 83
0 24 30
0 25 96
0 26 3
0 27 94
0 28 54
0 29 9
0 30 42
0 31 77
0 32 14
0 33 35
0 34 56
0 35 63
0 36 83
0 37 38
0 38 81
0 39 88
0 40 25
0 41 56
0 42 97
0 43 28
0 44 46
0 45 29
0 46 80
0 47 16
0 48 3
0 49 62
0 50 29
0 51 70
0 52 71
0 53 36
0 54 96
0 55 78
0 56 89
0 57 90
0 58 41
0 59 68
1 0 14
1 2 91
1 3 52
1 4 87
1 5 74
1 6 79
1 7 33
1 8 58
1 9 82
1 10 80
1 11 38
1 12 84
1 13 84
1 14 54
1 15 92
1 16 100
1 17 26
1 18 65
1 19 88
1 20 51
1 21 4
1 22 9
1 23 87
1 24 49
1 25 87
1 26 10
1 27 84
1 28 16
1 29 45
1 30 15
1 31 13
1 32 71
1 33 94
1 34 52
1 35 100
1 36 44
1 37 89
1 38 70
1 39 23
1 40 61
1 41 75
1 42 74
1 43 46
1 44 6
1 45 89
1 46 98
1 47 32
1 48 37
1 49 88
1 50 88
1 51 78
1 52 92
1 53 80
1 54 58
1 55 32
1 56 63
1 57 98
1 58 18
1 59 7
2 0 50
2 1 100
2 3 64
2 4 8
2 5 41
2 6 70
2 7 68
2 8 11
2 9 76
2 10 66
2 11 28
2 12 91
2 13 23
2 14 10
2 15 93
2 16 98
2 17 73
2 18 68
2 19 56
2 20 52
2 21 27
2 22 17
2 23 21
2 24 56
2 25 17
2 26 8
2 27 1
2 28 86
2 29 60
2 30 86
2 31 36
2 32 78
2 33 66
2 34 96
2 35 31
2 36 61
2 37 12
2 38 5
2 39 78
2 40 75
2 41 78
2 42 25
2 43 77
2 44 98
2 45 52
2 46 83
2 47 57
2 48 63
2 49 73
2 50 94
2 51 80
2 52 56
2 53 38
2 54 6
2 55 74
2 56 63
2 57 36
2 58 86
2 59 79
3 0 99
3 1 46
3 2 96
3 4 90
3 5 18
3 6 74
3 7 79
3 8 97
3 9 6
3 10 17
3 11 85
3 12 59
3 13 19
3 14 93
3 15 51
3 16 13
3 17 9
3 18 91
3 19 22
3 20 69
3 21 29
3 22 80
3 23 45
3 24 38
3 25 67
3 26 42
3 27 76
3 28 26
3 29 71
3 30 66
3 31 33
3 32 49
3 33 19
3 34 14
3 35 77
3 36 42
3 37 50
3 38 45
3 39 50
3 40 52
3 41 85
3 42 36
3 43 29
3 44 12
3 45 29
3 46 7
3 47 66
3 48 3
3 49 100
3 50 95
3 51 12
3 52 99
3 53 81
3 54 70
3 55 65
3 56 11
3 57 16
3 58 69
3 59 2
4 0 94
4 1 72
4 2 47
4 3 82
4 5 50
4 6 75
4 7 44
4 8 32
4 9 24
4 10 98
4 11 3
4 12 9
4 13 75
4 14 39
4 16 47
4 17 93
4 18 44
4 19 69
4 20 91
4 21 84
4 22 62
4 23 62
4 24 44
4 25 1
4 26 21
4 27 70
4 28 14
4 29 84
4 30 4
4 31 42
4 32 31
4 33 77
4 34 57
4 35 76
4 36 37
4 37 100
4 38 66
4 39 90
4 40 11
4 41 30
4 42 57
4 43 22
4 44 97
4 45 71
4 46 8
4 47 63
4 48 63
4 49 49
4 50 38
4 51 37
4 52 32
4 53 69
4 54 17
4 55 66
4 56 57
4 57 94
4 58 35
4 59 55
5 0 79
5 1 61
5 2 67
5 3 12
5 4 99
5 6 95
5 7 39
5 8 42
5 9 73
5 10 83
5 11 81
5 12 22
5 13 56
5 14 73
5 15 53
5 16 5
5 17 41
5 18 15
5 19 17
5 20 92
5 21 19
5 22 74
5 23 30
5 24 73
5 25 54
5 26 100
5 27 99
5 28 27
5 29 50
5 30 74
5 31 82
5 32 54
5 33 24
5 34 25
5 35 98
5 36 1
5 37 45
5 38 14
5 39 2
5 40 74
5 41 50
5 42 54
5 43 40
5 44 53
5 45 21
5 46 46
5 47 15
5 48 56
5 49 63
5 50 87
5 51 9
5 52 14
5 53 29
5 54 21
5 55 31
5 56 52
5 57 80
5 58 91
5 59 76
6 0 61
6 1 35
6 2 61
6 3 10
6 4 74
6 5 87
6 7 44
6 8 88
6 9 56
6 10 2
6 11 40
6 12 80
6 13 27
6 14 34
6 15 70
6 16 78
6 17 67
6 18 36
6 19 16
6 20 44
6 22 48
6 23 92
6 24 63
6 25 43
6 26 2
6 27 44
6 28 84
6 29 14
6 30 83
6 31 25
6 32 9
6 33 74
6 34 88
6 35 48
6 36 38
6 37 91
6 38 36
6 39 96
6 41 51
6 42 15
6 43 77
6 44 80
6 45 42
6 46 49
6 47 97
6 48 31
6 49 75
6 50 63
6 51 51
6 52 81
6 53 9
6 54 44
6 55 40
6 56 12
6 57 10
6 58 78
6 59 89
7 0 86
7 1 15
7 2 37
7 3 31
7 4 33
7 5 89
7 6 72
7 8 32
7 9 93
7 10 7
7 11 19
7 12 11
7 13 86
7 14 7
7 15 36
7 16 33
7 17 17
7 18 22
7 19 92
7 20 50
7 21 45
7 22 5
7 23 44
7 24 69
7 25 97
7 26 76
7 27 54
7 28 71
7 29 18
7 30 30
7 31 3
7 32 26
7 33 9
7 34 33
7 35 35
7 36 35
7 37 28
7 38 70
7 39 31
7 40 98
7 41 22
7 42 17
7 43 52
7 44 36
7 45 43
7 46 36
7 47 60
7 48 24
7 49 76
7 50 87
7 51 43
7 52 33
7 53 60
7 54 38
7 55 82
7 56 51
7 57 100
7 58 15
7 59 87
8 0 9
8 1 36
8 2 79
8 3 30
8 4 100
8 5 16
8 6 88
8 7 62
8 9 49
8 10 67
8 11 38
8 12 6
8 13 10
8 14 33
8 15 58
8 16 72
8 17 98
8 18 50
8 19 15
8 20 81
8 21 68
8 22 80
8 23 46
8 24 40
8 25 76
8 26 10
8 27 92
8 28 8
8 29 81
8 30 77
8 31 47
8 32 22
8 33 35
8 34 88
8 35 55
8 36 53
8 37 33
8 38 33
8 39 75
8 40 37
8 41 25
8 42 76
8 43 65
8 44 21
8 45 29
8 46 94
8 47 79
8 48 24
8 49 48
8 50 72
8 51 30
8 52 100
8 53 44
8 54 97
8 55 66
8 56 47
8 57 42
8 58 40
8 59 32
9 0 94
9 1 56
9 2 37
9 3 75
9 4 55
9 5 86
9 6 18
9 7 48
9 8 100
9 10 69
9 11 80
9 12 39
9 13 58
9 14 69
9 15 51
9 16 54
9 17 60
9 18 84
9 19 23
9 20 5
9 21 22
9 22 73
9 23 2
9 24 84
9 25 49
9 26 15
9 27 46
9 28 60
9 29 41
9 30 77
9 31 27
9 32 15
9 33 69
9 34 7
9 35 17
9 36 5
9 37 50
9 38 82
9 39 58
9 40 35
9 41 79
9 42 32
9 43 47
9 44 12
9 45 11
9 46 34
9 47 12
9 48 97
9 49 85
9 50 81
9 51 96
9 52 73
9 53 37
9 54 92
9 55 73
9 56 7
9 57 56
9 58 26
9 59 6
10 0 53
10 1 94
10 2 39
10 3 29
10 4 92
10 5 43
10 6 93
10 7 32
10 8 79
10 9 90
10 11 85
10 12 96
10 13 15
10 14 84
10 15 70
10 16 62
10 17 21
10 18 52
10 19 90
10 20 30
10 21 55
10 22 91
10 23 77
10 24 93
10 25 12
10 26 64
10 27 59
10 28 19
10 29 49
10 30 43
10 31 49
10 32 14
10 33 60
10 34 76
10 35 52
10 36 73
10 37 15
10 38 80
10 39 37
10 40 47
10 41 57
10 42 74
10 43 70
10 44 26
10 45 36
10 46 57
10 47 45
10 48 100
10 49 58
10 50 54
10 51 9
10 52 58
10 54 51
10 55 73
10 56 22
10 57 56
10 58 37
10 59 90
11 0 71
11 1 14
11 2 3
11 3 20
11 4 67
11 5 1
11 6 67
11 7 42
11 8 93
11 9 39
11 10 1
11 12 4
11 13 95
11 14 21
11 15 37
11 16 23
11 17 98
11 18 72
11 19 65
11 20 40
11 21 19
11 22 35
11 23 7
11 24 20
11 25 73
11 26 70
11 27 90
11 28 36
11 29 65
11 30 79
11 31 26
11 32 53
11 33 11
11 34 98
11 35 98
11 36 85
11 37 77
11 38 81
11 39 66
11 40 57
11 41 1
11 42 15
11 43 100
11 44 35
11 45 23
11 46 49
11 47 50
11 48 76
11 49 54
11 50 24
11 51 93
11 52 91
11 53 33
11 54 11
11 55 46
11 56 93
11 57 7
11 59 65
12 0 69
12 1 72
12 2 1
12 3 68
12 4 20
12 5 69
12 6 69
12 7 25
12 8 80
12 9 10
12 10 58
12 11 6
12 13 7
12 14 39
12 15 54
12 16 65
12 17 98
12 18 82
12 19 25
12 20 57
12 21 78
12 22 21
12 23 63
12 24 88
12 25 53
12 26 18
12 27 74
12 28 87
12 29 94
12 30 34
12 31 12
12 32 20
12 33 68
12 34 26
12 35 91
12 36 51
12 37 74
12 38 84
12 39 9
12 40 95
12 41 85
12 42 80
12 43 84
12 44 19
12 45 82
12 46 43
12 47 58
12 48 93
12 49 75
12 50 48
12 51 33
12 52 27
12 53 90
12 54 68
12 55 89
12 56 3
12 57 81
12 58 60
12 59 29
13 0 8
13 1 13
13 2 93
13 3 41
13 4 79
13 5 18
13 6 75
13 7 9
13 8 99
13 9 32
13 10 42
13 11 68
13 12 43
13 14 4
13 15 35
13 16 51
13 17 67
13 18 90
13 19 37
13 20 8
13 21 47
13 22 70
13 23 100
13 24 38
13 25 22
13 26 99
13 27 80
13 28 83
13 29 41
13 30 53
13 31 1
13 32 43
13 33 48
13 34 28
13 35 68
13 36 1
13 37 17
13 38 68
13 39 96
13 40 33
13 41 89
13 42 73
13 43 54
13 44 1
13 45 32
13 46 86
13 47 57
13 48 88
13 49 78
13 50 8
13 51 98
13 52 19
13 53 15
13 54 32
13 55 96
13 56 64
13 57 92
13 58 90
13 59 100
14 0 61
14 1 84
14 2 1
14 3 23
14 4 30
14 5 72
14 6 36
14 7 89
14 8 85
14 9 57
14 10 22
14 11 92
14 12 80
14 13 15
14 15 67
14 16 73
14 17 53
14 18 94
14 19 16
14 20 30
14 21 17
14 22 31
14 23 97
14 25 83
14 26 61
14 27 91
14 28 27
14 29 19
14 30 30
14 31 41
14 32 11
14 33 41
14 34 32
14 35 35
14 36 57
14 37 87
14 38 21
14 39 11
14 40 34
14 41 15
14 42 24
14 43 37
14 44 90
14 46 98
14 47 100
14 48 62
14 49 92
14 50 50
14 51 29
14 52 97
14 53 20
14 54 76
14 55 33
14 56 29
14 57 13
14 58 24
14 59 85
15 0 30
15 1 60
15 2 99
15 3 87
15 4 73
15 5 36
15 6 12
15 7 86
15 8 31
15 9 40
15 10 64
15 11 24
15 12 94
15 13 63
15 14 45
15 16 69
15 17 46
15 18 22
15 19 27
15 20 7
15 21 47
15 22 82
15 23 70
15 24 66
15 25 49
15 26 30
15 27 27
15 28 63
15 29 6
15 30 13
15 31 89
15 32 56
15 33 62
15 34 60
15 35 25
15 36 4
15 37 2
15 38 9
15 39 59
15 40 99
15 41 27
15 42 39
15 43 20
15 44 48
15 45 13
15 46 32
15 47 27
15 48 49
15 49 47
15 50 7
15 51 19
15 52 31
15 53 84
15 54 46
15 55 61
15 56 37
15 57 27
15 58 38
15 59 77
16 0 22
16 1 19
16 2 32
16 3 90
16 4 71
16 5 16
16 6 43
16 7 99
16 8 43
16 9 31
16 10 25
16 11 38
16 12 81
16 13 43
16 14 54
16 15 94
16 17 39
16 18 19
16 19 73
16 20 12
16 21 19
16 22 65
16 23 39
16 24 43
16 25 33
16 26 16
16 27 70
16 28 82
16 29 73
16 30 20
16 31 77
16 32 47
16 33 98
16 34 66
16 35 33
16 36 73
16 37 10
16 38 88
16 39 34
16 40 67
16 41 61
16 42 79
16 43 88
16 44 89
16 45 94
16 46 61
16 47 72
16 48 10
16 49 82
16 50 14
16 51 5
16 52 60
16 53 33
16 54 12
16 55 58
16 56 80
16 57 56
16 58 11
16 59 89
17 0 66
17 1 95
17 2 92
17 3 19
17 4 80
17 5 93
17 6 44
17 7 37
17 8 34
17 9 7
17 10 94
17 11 82
17 12 99
17 13 9
17 14 12
17 15 48
17 16 45
17 18 74
17 19 91
17 20 20
17 21 56
17 22 70
17 23 83
17 24 43
17 25 36
17 26 39
17 27 60
17 28 78
17 29 70
17 30 17
17 31 56
17 32 41
17 33 59
17 34 76
17 35 41
17 36 21
17 37 3
17 38 55
17 39 72
17 40 19
17 41 51
17 42 25
17 43 64
17 44 100
17 45 19
17 46 98
17 47 77
17 48 56
17 49 25
17 50 59
17 51 4
17 52 51
17 53 42
17 54 76
17 55 82
17 56 71
17 57 3
17 58 93
17 59 12
18 0 13
18 1 97
18 2 57
18 3 69
18 4 66
18 5 55
18 6 80
18 7 79
18 8 67
18 9 99
18 10 85
18 11 6
18 12 9
18 13 50
18 14 12
18 15 32
18 16 86
18 17 32
18 19 29
18 20 83
18 21 67
18 22 22
18 23 78
18 24 69
18 25 100
18 26 63
18 27 69
18 28 100
18 29 66
18 30 97
18 31 70
18 32 17
18 33 100
18 34 6
18 36 1
18 37 78
18 38 55
18 39 28
18 40 43
18 41 75
18 42 99
18 43 69
18 44 69
18 45 39
18 46 51
18 47 6
18 48 46
18 49 10
18 50 64
18 51 3
18 52 77
18 53 36
18 54 64
18 55 64
18 56 73
18 57 86
18 58 47
18 59 92
19 0 93
19 1 59
19 2 40
19 3 97
19 4 35
19 5 62
19 6 64
19 7 1
19 8 86
19 9 12
19 10 2
19 11 30
19 12 56
19 13 61
19 14 8
19 15 96
19 16 50
19 17 47
19 18 12
19 20 25
19 21 18
19 22 39
19 23 41
19 24 9
19 25 17
19 26 66
19 27 47
19 28 40
19 29 66
19 30 70
19 31 50
19 32 25
19 33 88
19 34 90
19 35 27
19 36 54
19 37 89
19 38 100
19 39 73
19 40 21
19 41 90
19 42 39
19 43 61
19 44 68
19 45 47
19 46 57
19 47 6
19 48 21
19 49 70
19 50 95
19 51 62
19 52 43
19 53 45
19 54 86
19 55 37
19 56 45
19 57 53
19 58 7
19 59 98
20 0 58
20 1 13
20 2 49
20 3 5
20 4 82
20 5 9
20 6 38
20 7 53
20 8 19
20 9 100
20 10 13
20 11 66
20 12 18
20 13 53
20 14 71
20 15 76
20 16 73
20 17 59
20 18 10
20 19 38
20 21 18
20 22 68
20 23 99
20 24 99
20 25 69
20 26 73
20 27 45
20 28 37
20 29 58
20 30 62
20 31 30
20 32 5
20 33 50
20 34 55
20 35 23
20 36 59
20 37 64
20 38 53
20 39 2
20 40 91
20 42 65
20 43 33
20 44 73
20 45 65
20 46 90
20 47 27
20 48 43
20 49 1
20 50 22
20 51 26
20 52 55
20 53 40
20 54 16
20 55 36
20 56 72
20 57 97
20 58 62
20 59 79
21 0 58
21 1 37
21 2 84
21 4 2
21 5 6
21 6 65
21 7 99
21 8 18
21 9 26
21 10 42
21 11 99
21 12 28
21 13 66
21 14 90
21 15 35
21 16 32
21 17 45
21 18 91
21 19 8
21 20 70
21 22 56
21 23 9
21 24 60
21 25 80
21 26 16
21 27 40
21 28 48
21 29 80
21 30 19
21 31 92
21 32 85
21 33 15
21 34 22
21 35 94
21 36 82
21 37 12
21 38 8
21 39 54
21 40 35
21 41 88
21 42 23
21 43 3
21 44 29
21 45 48
21 46 34
21 47 80
21 48 2
21 49 74
21 50 67
21 51 67
21 52 85
21 53 37
21 54 41
21 55 15
21 56 79
21 57 47
21 58 6
22 0 25
22 1 39
22 2 62
22 3 7
22 4 32
22 5 11
22 6 58
22 7 92
22 8 72
22 9 53
22 10 28
22 11 62
22 12 5
22 13 60
22 14 94
22 15 37
22 16 59
22 17 33
22 18 60
22 19 86
22 20 24
22 21 18
22 23 1
22 24 82
22 25 23
22 26 74
22 27 26
22 28 85
22 29 34
22 30 42
22 31 59
22 32 66
22 33 56
22 34 12
22 36 70
22 37 49
22 38 57
22 39 43
22 40 27
22 41 13
22 42 70
22 43 8
22 44 3
22 45 70
22 46 97
22 47 68
22 48 95
22 49 70
22 50 25
22 51 58
22 52 51
22 53 95
22 54 49
22 55 48
22 57 45
22 58 5
22 59 24
23 0 83
23 1 89
23 2 18
23 3 29
23 4 32
23 5 14
23 6 45
23 7 36
23 8 35
23 9 58
23 10 84
23 11 16
23 12 23
23 13 46
23 14 22
23 15 71
23 16 61
23 17 87
23 18 59
23 19 5
23 20 52
23 21 69
23 22 56
23 24 97
23 25 80
23 26 36
23 27 45
23 28 59
23 29 36
23 30 38
23 31 70
23 32 36
23 33 88
23 34 28
23 35 15
23 36 31
23 37 56
23 38 71
23 40 22
23 41 31
23 42 73
23 43 66
23 44 99
23 45 47
23 46 78
23 47 69
23 48 76
23 49 27
23 50 87
23 51 90
23 52 56
23 53 79
23 54 47
23 55 13
23 56 66
23 57 77
23 58 35
23 59 21
24 0 49
24 1 18
24 2 38
24 3 84
24 4 47
24 5 44
24 6 1
24 7 63
24 9 94
24 10 80
24 11 50
24 12 18
24 13 23
24 14 23
24 15 65
24 16 79
24 18 3
24 19 49
24 20 94
24 21 20
24 22 90
24 23 86
24 25 58
24 26 79
24 27 18
24 28 70
24 29 79
24 30 74
24 31 63
24 32 59
24 33 66
24 34 6
24 35 89
24 36 67
24 37 49
24 38 91
24 39 57
24 40 15
24 41 86
24 42 39
24 43 65
24 44 62
24 45 60
24 46 3
24 47 80
24 48 60
24 49 7
24 50 38
24 51 16
24 52 57
24 53 93
24 54 69
24 55 79
24 56 78
24 57 79
24 58 62
24 59 83
25 0 14
25 1 94
25 2 90
25 3 94
25 4 99
25 5 28
25 6 72
25 7 72
25 8 6
25 9 1
25 10 65
25 11 44
25 12 1
25 13 96
25 14 94
25 15 6
25 16 31
25 17 40
25 18 15
25 19 71
25 20 33
25 21 49
25 22 25
25 23 40
25 24 49
25 27 68
25 28 64
25 29 23
25 30 26
25 31 93
25 32 24
25 33 81
25 34 81
25 35 72
25 36 67
25 37 48
25 38 4
25 39 58
25 40 85
25 41 25
25 42 80
25 43 86
25 44 88
25 45 73
25 46 87
25 47 83
25 48 39
25 49 18
25 50 85
25 51 14
25 52 79
25 53 75
25 54 60
25 55 73
25 56 76
25 57 8
25 58 75
25 59 63
26 0 29
26 1 24
26 2 87
26 3 76
26 4 34
26 5 4
26 6 37
26 7 58
26 8 39
26 9 36
26 10 39
26 11 17
26 12 32
26 13 35
26 14 55
26 15 23
26 16 10
26 17 85
26 18 57
26 19 96
26 20 59
26 21 27
26 22 43
26 23 35
26 24 48
26 25 14
26 27 78
26 28 25
26 29 17
26 30 68
26 31 51
26 32 52
26 33 79
26 34 93
26 35 97
26 36 74
26 37 44
26 38 60
26 39 61
26 40 33
26 41 84
26 42 57
26 43 57
26 44 27
26 45 37
26 46 18
26 47 37
26 48 91
26 49 47
26 50 48
26 51 30
26 52 50
26 53 94
26 54 22
26 55 42
26 56 31
26 57 86
26 58 9
26 59 75
27 0 47
27 1 15
27 2 41
27 3 11
27 4 52
27 5 89
27 6 51
27 7 32
27 8 18
27 9 81
27 10 57
27 11 52
27 12 60
27 13 73
27 14 37
27 15 52
27 16 83
27 17 92
27 18 28
27 19 17
27 20 90
27 21 8
27 22 87
27 23 5
27 24 19
27 25 77
27 26 35
27 28 85
27 29 86
27 30 83
27 31 22
27 32 66
27 33 1
27 34 25
27 35 47
27 36 85
27 37 64
27 38 58
27 39 48
27 40 53
27 41 9
27 42 65
27 43 58
27 44 58
27 45 89
27 46 19
27 47 27
27 48 93
27 49 100
27 50 37
27 51 46
27 52 30
27 53 29
27 54 64
27 55 63
27 56 29
27 58 91
27 59 77
28 0 14
28 1 65
28 2 13
28 3 31
28 4 92
28 5 56
28 6 3
28 7 57
28 8 99
28 9 42
28 10 81
28 11 61
28 12 32
28 13 35
28 14 3
28 15 47
28 16 15
28 17 94
28 18 71
28 19 46
28 20 86
28 21 35
28 22 32
28 23 68
28 24 93
28 25 24
28 26 27
28 27 73
28 29 34
28 30 86
28 31 64
28 32 32
28 33 84
28 34 68
28 35 53
28 36 33
28 37 18
28 38 48
28 39 38
28 40 40
28 41 43
28 42 36
28 43 70
28 44 12
28 45 82
28 46 55
28 47 60
28 48 11
28 49 66
28 50 32
28 51 90
28 52 2
28 54 84
28 55 39
28 56 95
28 57 71
28 58 9
28 59 83
29 0 86
29 1 65
29 2 95
29 3 60
29 4 83
29 5 2
29 6 1
29 7 48
29 8 49
29 9 52
29 10 92
29 11 77
29 12 98
29 13 50
29 14 5
29 15 70
29 16 7
29 17 21
29 18 12
29 19 81
29 20 88
29 21 90
29 22 35
29 23 59
29 24 85
29 25 31
29 26 98
29 27 81
29 28 74
29 30 20
29 31 64
29 32 46
29 33 50
29 34 88
29 35 57
29 36 96
29 37 45
29 38 54
29 39 36
29 40 61
29 41 77
29 42 9
29 43 35
29 44 47
29 45 70
29 46 18
29 47 51
29 48 4
29 49 83
29 50 81
29 51 64
29 52 39
29 53 75
29 54 32
29 55 57
29 56 38
29 57 62
29 58 22
29 59 53
30 0 69
30 1 100
30 2 63
30 3 81
30 4 86
30 5 21
30 6 22
30 7 12
30 8 8
30 9 1
30 10 49
30 11 3
30 12 43
30 13 74
30 14 19
30 15 84
30 16 85
30 17 73
30 18 24
30 19 17
30 20 45
30 21 25
30 22 29
30 23 100
30 24 46
30 25 31
30 26 36
30 27 7
30 28 2
30 29 20
30 31 43
30 32 57
30 33 98
30 34 35
30 35 61
30 36 81
30 37 32
30 38 99
30 39 81
30 40 86
30 41 1
30 42 87
30 43 41
30 44 33
30 45 2
30 46 36
30 47 95
30 48 41
30 49 95
30 50 35
30 51 56
30 52 31
30 53 48
30 54 68
30 55 37
30 56 65
30 57 11
30 58 62
30 59 48
31 0 14
31 1 81
31 2 74
31 3 65
31 4 14
31 5 98
31 6 66
31 7 39
31 8 60
31 9 75
31 10 9
31 11 14
31 12 66
31 13 83
31 14 77
31 15 24
31 16 53
31 17 85
31 18 50
31 19 32
31 20 37
31 21 62
31 22 49
31 23 78
31 24 85
31 25 33
31 26 82
31 27 22
31 28 78
31 30 91
31 32 74
31 33 100
31 34 67
31 35 72
31 36 58
31 37 56
31 38 52
31 39 14
31 40 97
31 41 71
31 42 26
31 43 33
31 44 89
31 45 54
31 46 38
31 47 35
31 48 15
31 49 68
31 50 48
31 51 51
31 52 71
31 53 28
31 54 67
31 55 18
31 56 24
31 57 58
31 58 93
31 59 34
32 0 6
32 1 100
32 2 35
32 3 4
32 4 14
32 5 77
32 6 80
32 7 20
32 8 29
32 9 95
32 10 7
32 11 18
32 12 65
32 13 53
32 14 29
32 15 71
32 16 18
32 17 36
32 18 41
32 19 89
32 20 12
32 21 66
32 22 95
32 23 21
32 24 22
32 25 66
32 26 17
32 27 41
32 28 98
32 29 50
32 30 29
32 31 63
32 33 89
32 34 16
32 35 7
32 36 7
32 37 31
32 38 95
32 39 50
32 40 18
32 41 19
32 42 44
32 43 60
32 44 71
32 45 44
32 46 79
32 47 44
32 48 74
32 49 36
32 50 48
32 51 29
32 52 28
32 53 59
32 54 59
32 55 79
32 56 89
32 57 81
32 58 6
32 59 2
33 0 24
33 2 19
33 3 36
33 4 96
33 5 50
33 6 62
33 7 92
33 8 5
33 9 6
33 10 42
33 11 82
33 12 99
33 13 44
33 14 3
33 15 61
33 16 48
33 17 49
33 18 35
33 19 62
33 20 1
33 21 44
33 22 54
33 23 67
33 24 17
33 25 45
33 26 49
33 27 76
33 28 11
33 29 78
33 30 21
33 31 49
33 32 35
33 34 63
33 35 85
33 36 60
33 37 83
33 38 28
33 39 85
33 40 39
33 41 3
33 42 60
33 43 89
33 44 99
33 45 82
33 46 21
33 47 87
33 48 74
33 49 51
33 50 82
33 51 93
33 52 98
33 53 39
33 54 72
33 55 80
33 56 86
33 57 46
33 58 30
33 59 29
34 0 79
34 1 62
34 2 17
34 3 14
34 4 34
34 5 85
34 6 70
34 7 95
34 8 10
34 9 37
34 10 65
34 11 50
34 12 24
34 13 22
34 14 71
34 15 86
34 16 81
34 17 31
34 18 34
34 19 26
34 20 39
34 21 1
34 22 47
34 23 94
34 24 25
34 25 22
34 26 52
34 27 11
34 28 65
34 29 22
34 30 99
34 31 12
34 32 71
34 33 25
34 35 95
34 36 16
34 37 69
34 38 5
34 39 31
34 40 15
34 41 44
34 42 50
34 43 71
34 44 2
34 45 84
34 46 99
34 47 62
34 48 93
34 49 36
34 50 93
34 51 23
34 52 27
34 53 31
34 54 67
34 55 57
34 56 67
34 57 70
34 58 20
34 59 16
35 0 83
35 1 91
35 2 74
35 3 56
35 4 18
35 5 18
35 6 24
35 7 18
35 8 13
35 9 7
35 10 93
35 11 8
35 12 40
35 13 87
35 14 11
35 15 62
35 16 32
35 17 55
35 18 80
35 19 100
35 20 52
35 21 35
35 22 8
35 23 55
35 24 66
35 25 27
35 26 33
35 27 3
35 28 82
35 29 93
35 30 18
35 31 96
35 32 31
35 33 26
35 34 7
35 36 88
35 37 54
35 38 88
35 39 35
35 40 32
35 41 70
35 42 1
35 43 86
35 44 32
35 45 37
35 46 68
35 47 68
35 48 54
35 49 85
35 50 69
35 51 30
35 52 33
35 53 81
35 54 33
35 55 38
35 56 28
35 57 54
35 58 84
35 59 75
36 0 73
36 1 3
36 2 19
36 3 88
36 4 60
36 5 42
36 6 69
36 7 11
36 8 94
36 9 86
36 10 26
36 11 73
36 12 71
36 13 57
36 14 1
36 15 72
36 16 78
36 17 97
36 18 72
36 19 14
36 20 97
36 21 24
36 22 96
36 23 64
36 24 85
36 25 93
36 26 29
36 27 12
36 28 56
36 29 98
36 30 91
36 31 12
36 32 81
36 33 36
36 34 36
36 35 87
36 37 52
36 38 72
36 39 69
36 40 47
36 41 3
36 42 49
36 43 71
36 44 100
36 45 23
36 46 49
36 47 59
36 48 74
36 49 36
36 50 10
36 51 49
36 52 15
36 53 25
36 54 79
36 55 14
36 56 32
36 57 61
36 58 50
36 59 73
37 0 97
37 1 59
37 2 68
37 3 31
37 4 77
37 5 52
37 6 10
37 7 98
37 8 9
37 9 97
37 10 22
37 11 75
37 12 72
37 13 38
37 14 94
37 15 39
37 16 97
37 17 62
37 18 73
37 19 89
37 20 16
37 21 48
37 22 39
37 23 30
37 24 81
37 25 63
37 26 2
37 27 88
37 28 61
37 29 100
37 30 83
37 31 3
37 32 90
37 33 87
37 34 13
37 35 39
37 36 84
37 38 67
37 39 79
37 40 29
37 41 70
37 42 90
37 43 95
37 44 77
37 45 76
37 46 3
37 47 16
37 48 5
37 49 64
37 50 74
37 51 20
37 52 68
37 53 39
37 54 95
37 55 66
37 56 21
37 57 31
37 58 78
37 59 56
38 0 50
38 1 79
38 2 12
38 3 35
38 4 57
38 5 10
38 6 37
38 7 55
38 8 32
38 9 47
38 10 78
38 11 90
38 12 86
38 13 77
38 14 2
38 15 58
38 16 42
38 17 61
38 18 47
38 19 24
38 20 68
38 21 39
38 22 45
38 23 15
38 24 75
38 25 53
38 26 43
38 27 36
38 28 29
38 29 85
38 30 54
38 31 60
38 32 20
38 33 89
38 34 7
38 35 98
38 36 3
38 37 64
38 39 8
38 40 54
38 41 93
38 42 1
38 43 59
38 44 78
38 45 7
38 46 30
38 47 55
38 48 13
38 49 21
38 50 26
38 51 11
38 52 1
38 53 14
38 54 49
38 55 19
38 56 16
38 57 64
38 58 1
38 59 92
39 0 96
39 1 70
39 2 45
39 3 88
39 4 15
39 5 69
39 6 1
39 7 87
39 8 90
39 9 25
39 10 34
39 11 22
39 12 74
39 13 60
39 14 87
39 15 11
39 16 40
39 17 59
39 18 32
39 19 60
39 20 87
39 21 86
39 22 57
39 23 52
39 24 64
39 25 70
39 26 24
39 27 66
39 28 39
39 29 87
39 30 88
39 31 94
39 32 8
39 33 9
39 34 16
39 35 69
39 36 98
39 37 48
39 38 68
39 40 9
39 41 65
39 42 98
39 43 30
39 44 23
39 45 45
39 46 42
39 47 16
39 48 59
39 49 21
39 50 70
39 51 33
39 52 37
39 53 84
39 54 46
39 55 26
39 56 87
39 57 82
39 58 79
39 59 22
40 0 42
40 1 37
40 2 8
40 3 35
40 4 47
40 5 97
40 6 72
40 7 90
40 8 24
40 9 86
40 10 49
40 11 29
40 12 75
40 13 32
40 14 73
40 15 17
40 17 17
40 18 12
40 19 65
40 20 21
40 21 31
40 22 28
40 23 5
40 24 20
40 25 39
40 26 55
40 27 42
40 28 88
40 29 96
40 30 83
40 31 89
40 32 60
40 33 41
40 34 74
40 35 16
40 36 10
40 37 42
40 38 80
40 39 71
40 41 11
40 42 76
40 43 92
40 44 48
40 45 4
40 46 72
40 47 32
40 48 85
40 49 4
40 50 24
40 51 75
40 52 78
40 53 20
40 54 45
40 55 4
40 56 42
40 57 86
40 58 62
40 59 71
41 0 50
41 1 43
41 2 22
41 3 25
41 4 20
41 5 53
41 6 81
41 7 65
41 8 98
41 9 63
41 10 57
41 11 58
41 12 76
41 13 40
41 14 99
41 15 43
41 16 89
41 17 15
41 18 20
41 19 19
41 20 20
41 21 83
41 22 43
41 23 72
41 24 69
41 25 16
41 26 72
41 27 82
41 28 20
41 29 94
41 30 94
41 31 75
41 32 86
41 33 67
41 34 51
41 35 31
41 37 26
41 38 70
41 39 89
41 40 35
41 42 46
41 43 51
41 44 75
41 45 20
41 46 45
41 47 89
41 48 75
41 49 27
41 50 17
41 51 98
41 52 25
41 53 76
41 54 37
41 55 85
41 56 8
41 57 39
41 58 93
41 59 97
42 0 100
42 1 75
42 2 43
42 3 88
42 4 46
42 5 48
42 6 5
42 7 26
42 8 58
42 9 10
42 10 1
42 11 65
42 12 17
42 13 77
42 14 50
42 15 23
42 16 71
42 17 51
42 18 13
42 19 44
42 20 60
42 21 33
42 22 12
42 23 67
42 24 51
42 25 27
42 26 88
42 27 81
42 28 18
42 29 32
42 30 31
42 31 19
42 32 96
42 33 47
42 34 9
42 35 21
42 36 22
42 37 16
42 38 52
42 39 29
42 40 29
42 41 59
42 43 79
42 44 58
42 45 39
42 46 53
42 47 48
42 48 18
42 49 2
42 50 45
42 51 54
42 52 4
42 53 91
42 54 15
42 55 79
42 56 61
42 57 40
42 58 67
42 59 81
43 0 45
43 1 29
43 2 21
43 3 13
43 4 86
43 5 29
43 6 69
43 7 76
43 8 99
43 9 72
43 10 19
43 11 36
43 12 64
43 13 18
43 14 3
43 15 47
43 16 71
43 17 5
43 18 9
43 19 84
43 20 43
43 21 38
43 22 97
43 23 7
43 24 26
43 25 46
43 26 30
43 27 89
43 28 37
43 29 75
43 30 23
43 31 32
43 32 36
43 33 79
43 34 82
43 35 72
43 36 30
43 37 84
43 38 38
43 39 21
43 40 16
43 41 7
43 42 50
43 44 73
43 45 84
43 46 63
43 47 26
43 48 100
43 49 47
43 50 19
43 51 64
43 52 45
43 53 12
43 54 81
43 55 13
43 56 21
43 57 52
43 58 22
43 59 16
44 0 76
44 1 39
44 2 12
44 3 3
44 4 11
44 5 70
44 6 94
44 7 26
44 8 60
44 9 54
44 10 22
44 11 10
44 12 88
44 13 89
44 14 23
44 15 75
44 16 69
44 17 3
44 18 50
44 19 81
44 20 39
44 21 58
44 22 78
44 23 57
44 24 72
44 25 21
44 26 41
44 27 12
44 28 46
44 29 93
44 30 23
44 31 39
44 32 1
44 33 91
44 34 69
44 35 50
44 36 93
44 37 98
44 38 52
44 39 28
44 40 5
44 41 50
44 42 67
44 43 87
44 45 3
44 46 79
44 48 79
44 49 27
44 50 68
44 51 8
44 52 9
44 53 26
44 54 7
44 55 59
44 56 19
44 57 34
44 58 36
44 59 33
45 0 61
45 1 82
45 2 19
45 3 65
45 4 50
45 5 78
45 6 92
45 7 36
45 8 60
45 9 70
45 10 58
45 11 45
45 12 91
45 13 91
45 14 17
45 15 17
45 16 14
45 17 9
45 18 59
45 19 48
45 20 3
45 21 89
45 22 18
45 23 63
45 24 3
45 25 31
45 26 65
45 27 33
45 28 68
45 29 22
45 30 12
45 31 34
45 32 55
45 33 39
45 34 62
45 35 35
45 36 83
45 37 39
45 39 25
45 40 79
45 41 16
45 42 72
45 43 3
45 44 95
45 46 80
45 47 10
45 48 98
45 49 62
45 50 99
45 52 20
45 53 10
45 54 49
45 55 7
45 56 59
45 57 87
45 58 1
45 59 5
46 0 39
46 1 84
46 2 4
46 3 95
46 4 73
46 5 73
46 6 52
46 7 69
46 8 32
46 9 72
46 10 73
46 11 88
46 12 39
46 13 93
46 14 56
46 15 76
46 16 74
46 17 5
46 18 17
46 19 7
46 20 13
46 21 54
46 22 50
46 23 49
46 24 60
46 25 8
46 26 83
46 27 89
46 28 51
46 29 30
46 30 99
46 31 74
46 32 80
46 33 17
46 34 77
46 35 19
46 36 36
46 37 93
46 38 59
46 39 90
46 40 3
46 41 99
46 42 90
46 43 97
46 44 79
46 45 28
46 47 42
46 48 12
46 49 15
46 50 70
46 51 5
46 52 20
46 53 87
46 54 78
46 55 34
46 56 99
46 57 61
46 58 31
46 59 40
47 1 25
47 2 72
47 3 83
47 4 34
47 5 86
47 6 36
47 7 76
47 8 75
47 9 2
47 10 54
47 11 61
47 12 15
47 13 9
47 14 50
47 15 62
47 16 59
47 17 5
47 18 24
47 19 59
47 20 93
47 21 21
47 22 47
47 23 16
47 24 83
47 25 89
47 26 92
47 27 58
47 28 58
47 29 37
47 30 77
47 31 95
47 32 19
47 33 81
47 34 35
47 35 92
47 36 75
47 37 30
47 38 64
47 39 24
47 40 71
47 41 32
47 42 21
47 43 55
47 44 59
47 45 20
47 46 43
47 48 54
47 49 91
47 50 58
47 51 68
47 52 87
47 53 46
47 54 23
47 55 19
47 56 80
47 57 79
47 59 1
48 0 36
48 1 54
48 2 93
48 3 65
48 4 64
48 5 34
48 6 5
48 7 56
48 8 1
48 9 18
48 10 25
48 11 85
48 12 12
48 13 78
48 14 69
48 15 53
48 16 22
48 17 95
48 18 70
48 19 90
48 20 64
48 21 91
48 22 74
48 23 23
48 24 61
48 25 73
48 26 84
48 27 74
48 28 5
48 29 10
48 30 11
48 31 10
48 32 100
48 33 92
48 34 33
48 35 99
48 36 56
48 37 44
48 38 17
48 39 22
48 40 64
48 41 92
48 42 22
48 43 15
48 44 3
48 45 93
48 46 67
48 47 100
48 49 93
48 50 70
48 51 79
48 52 54
48 53 8
48 54 78
48 55 93
48 56 26
48 57 93
48 58 99
48 59 2
49 0 38
49 1 46
49 2 72
49 3 83
49 4 81
49 5 85
49 6 96
49 7 2
49 8 12
49 9 97
49 10 10
49 11 30
49 12 13
49 13 65
49 14 21
49 15 95
49 16 10
49 17 60
49 18 17
49 19 93
49 20 18
49 21 68
49 22 85
49 23 26
49 24 37
49 25 75
49 26 50
49 27 56
49 28 53
49 29 16
49 30 13
49 31 6
49 32 64
49 33 18
49 34 62
49 35 18
49 36 80
49 37 98
49 38 34
49 39 85
49 40 42
49 41 78
49 42 27
49 43 81
49 44 33
49 45 42
49 46 23
49 47 74
49 48 4
49 50 58
49 51 36
49 52 40
49 53 76
49 54 78
49 55 7
49 56 10
49 57 23
49 58 92
49 59 22
50 0 33
50 1 74
50 2 91
50 3 88
50 4 28
50 5 19
50 6 70
50 7 72
50 8 65
50 9 78
50 10 8
50 11 79
50 12 86
50 13 62
50 14 59
50 15 10
50 16 48
50 17 45
50 18 8
50 19 69
50 20 17
50 21 78
50 22 83
50 23 21
50 24 52
50 25 14
50 26 13
50 27 73
50 28 43
50 29 92
50 30 23
50 31 48
50 32 84
50 33 76
50 34 28
50 35 50
50 36 8
50 37 67
50 38 78
50 39 59
50 40 91
50 41 25
50 42 45
50 43 88
50 44 84
50 45 68
50 46 27
50 47 45
50 48 95
50 49 44
50 51 40
50 52 37
50 53 61
50 54 11
50 55 93
50 56 49
50 57 5
50 58 69
50 59 52
51 0 2
51 1 12
51 2 4
51 3 1
51 4 95
51 5 46
51 6 28
51 7 61
51 8 12
51 9 54
51 10 44
51 11 22
51 12 27
51 13 21
51 14 92
51 15 67
51 16 5
51 17 80
51 18 30
51 19 80
51 20 16
51 21 60
51 22 76
51 23 51
51 24 18
51 25 99
51 26 27
51 27 49
51 28 61
51 29 8
51 30 78
51 31 53
51 32 59
51 33 24
51 34 99
51 35 66
51 36 41
51 37 26
51 38 38
51 39 4
51 40 69
51 41 56
51 42 37
51 43 72
51 44 94
51 45 7
51 46 24
51 47 61
51 48 50
51 49 33
51 50 18
51 52 53
51 53 77
51 54 100
51 56 82
51 57 17
51 58 38
51 59 20
52 0 67
52 1 83
52 2 7
52 3 64
52 4 67
52 5 28
52 6 10
52 7 63
52 8 72
52 9 84
52 10 55
52 11 58
52 12 95
52 13 42
52 14 83
52 15 98
52 16 94
52 17 81
52 18 57
52 19 36
52 20 72
52 21 15
52 22 30
52 23 68
52 24 34
52 25 5
52 26 1
52 27 45
52 28 63
52 29 57
52 30 8
52 31 65
52 32 37
52 33 57
52 34 79
52 35 92
52 36 13
52 37 43
52 38 52
52 39 53
52 40 5
52 41 7
52 42 54
52 43 81
52 44 43
52 45 56
52 46 53
52 47 78
52 48 64
52 49 59
52 50 47
52 51 27
52 53 68
52 54 72
52 55 91
52 56 93
52 57 29
52 58 68
52 59 45
53 0 71
53 1 41
53 2 11
53 3 10
53 4 75
53 5 36
53 6 25
53 7 41
53 8 83
53 9 72
53 10 30
53 11 45
53 12 6
53 13 15
53 14 56
53 15 35
53 16 90
53 17 44
53 18 37
53 19 68
53 20 51
53 21 64
53 22 48
53 23 43
53 24 48
53 25 44
53 26 24
53 27 34
53 28 62
53 29 92
53 30 40
53 31 1
53 32 14
53 33 15
53 34 89
53 35 90
53 36 55
53 37 45
53 38 39
53 39 74
53 40 54
53 41 52
53 42 82
53 43 78
53 44 39
53 45 29
53 46 82
53 47 74
53 48 14
53 49 1
53 50 8
53 51 51
53 52 42
53 54 91
53 55 26
53 56 69
53 57 51
53 58 30
53 59 81
54 0 10
54 1 22
54 2 96
54 3 9
54 4 28
54 5 45
54 6 92
54 7 1
54 8 33
54 9 18
54 10 45
54 11 12
54 12 41
54 13 88
54 14 80
54 15 28
54 16 77
54 17 22
54 18 69
54 19 63
54 20 52
54 21 37
54 22 27
54 23 64
54 24 59
54 25 21
54 26 29
54 27 62
54 28 76
54 29 13
54 30 49
54 31 48
54 32 62
54 33 20
54 34 89
54 35 50
54 36 65
54 37 68
54 38 98
54 39 47
54 40 21
54 41 19
54 42 41
54 43 21
54 44 32
54 45 90
54 46 8
54 47 40
54 48 84
54 49 20
54 50 4
54 51 26
54 52 74
54 53 49
54 55 40
54 56 34
54 57 12
54 58 14
54 59 63
55 0 66
55 1 55
55 2 86
55 3 39
55 4 6
55 5 27
55 6 32
55 7 19
55 8 97
55 9 62
55 10 64
55 11 53
55 12 21
55 13 37
55 14 12
55 15 48
55 16 65
55 17 45
55 18 21
55 19 1
55 20 70
55 21 22
55 22 18
55 23 40
55 24 6
55 25 61
55 26 55
55 27 100
55 28 73
55 29 65
55 30 9
55 31 85
55 32 29
55 33 26
55 34 99
55 35 64
55 36 79
55 37 61
55 38 35
55 39 97
55 40 48
55 41 59
55 42 2
55 43 70
55 44 75
55 45 11
55 46 39
55 47 53
55 48 17
55 49 72
55 50 2
55 51 84
55 52 21
55 53 33
55 54 41
55 56 49
55 57 100
55 58 83
55 59 61
56 0 93
56 1 79
56 2 59
56 3 83
56 4 91
56 5 3
56 6 75
56 7 31
56 8 36
56 9 82
56 10 16
56 11 2
56 12 73
56 13 6
56 14 10
56 15 100
56 16 89
56 17 31
56 18 15
56 19 25
56 20 82
56 21 29
56 22 11
56 23 10
56 24 26
56 25 12
56 26 29
56 27 54
56 28 84
56 29 70
56 30 15
56 31 97
56 32 99
56 33 3
56 34 11
56 35 47
56 36 65
56 37 26
56 38 47
56 39 19
56 40 13
56 41 73
56 42 41
56 43 86
56 44 2
56 45 24
56 46 65
56 47 2
56 48 45
56 49 30
56 50 68
56 51 52
56 52 86
56 53 59
56 54 69
56 55 28
56 57 100
56 58 1
56 59 25
57 0 25
57 1 14
57 2 45
57 3 41
57 4 78
57 5 54
57 6 86
57 7 25
57 8 11
57 9 75
57 10 24
57 11 3
57 12 95
57 13 89
57 14 35
57 15 64
57 16 16
57 17 54
57 18 96
57 19 77
57 20 11
57 21 41
57 22 20
57 23 49
57 24 18
57 25 97
57 26 10
57 27 33
57 28 76
57 29 27
57 30 70
57 31 79
57 32 5
57 33 21
57 34 58
57 35 61
57 36 14
57 37 50
57 38 38
57 39 98
57 40 89
57 41 70
57 42 56
57 43 49
57 44 97
57 45 74
57 46 66
57 47 41
57 48 3
57 49 98
57 51 8
57 52 61
57 53 40
57 54 22
57 55 96
57 56 99
57 58 56
57 59 87
58 0 48
58 1 19
58 2 32
58 3 44
58 4 12
58 5 100
58 6 67
58 7 85
58 8 19
58 9 79
58 10 76
58 11 89
58 12 3
58 13 78
58 14 100
58 15 85
58 16 64
58 17 47
58 18 35
58 19 51
58 20 25
58 21 70
58 22 52
58 23 27
58 24 52
58 25 95
58 26 76
58 27 34
58 28 20
58 29 95
58 30 45
58 31 26
58 32 94
58 33 34
58 34 57
58 35 48
58 36 79
58 37 16
58 38 75
58 39 18
58 40 4
58 41 74
58 42 53
58 43 59
58 44 69
58 45 37
58 46 71
58 47 55
58 48 88
58 49 19
58 50 95
58 51 26
58 52 48
58 53 56
58 54 81
58 55 58
58 56 53
58 57 56
58 59 18
59 0 91
59 1 92
59 2 33
59 3 43
59 4 30
59 5 50
59 6 85
59 7 63
59 8 59
59 9 39
59 10 1
59 11 75
59 12 54
59 13 51
59 14 22
59 15 64
59 16 11
59 17 52
59 18 93
59 19 2
59 20 27
59 21 50
59 22 67
59 23 96
59 24 19
59 25 82
59 26 64
59 27 18
59 28 67
59 29 2
59 30 89
59 31 60
59 32 19
59 33 64
59 34 60
59 35 57
59 36 32
59 37 18
59 38 47
59 39 11
59 40 26
59 41 61
59 42 67
59 43 16
59 44 100
59 45 26
59 46 54
59 47 56
59 48 99
59 49 83
59 50 94
59 51 98
59 52 41
59 53 64
59 54 63
59 55 46
59 56 69
59 57 59
59 58 41
