90
0 1 54
0 2 94
0 3 90
0 4 48
0 5 18
0 6 3
0 7 72
0 8 58
0 9 98
0 10 70
0 11 20
0 12 27
0 13 52
0 14 20
0 15 93
0 16 93
0 17 45
0 18 15
0 19 52
0 20 68
0 21 60
0 22 80
0 23 33
0 24 48
0 25 1
0 26 48
0 27 13
0 28 27
0 29 39
0 30 27
0 31 50
0 32 93
0 33 66
0 34 15
0 35 90
0 36 49
0 37 43
0 38 92
0 39 62
0 40 97
0 41 82
0 42 73
0 43 29
0 44 45
0 45 17
0 46 93
0 47 57
0 48 10
0 49 49
0 50 54
0 51 20
0 52 81
0 53 30
0 54 89
0 55 2
0 56 1
0 57 96
0 58 60
0 59 91
0 60 32
0 61 38
0 62 99
0 63 10
0 64 52
0 65 94
0 66 28
0 67 65
0 68 5
0 69 79
0 71 19
0 72 95
0 73 63
0 74 92
0 75 46
0 76 23
0 77 50
0 78 53
0 79 72
0 80 28
0 81 64
0 82 89
0 83 70
0 84 80
0 85 4
0 86 23
0 87 43
0 88 39
0 89 26
1 0 7
1 2 27
1 3 100
1 4 34
1 5 16
1 6 60
1 7 12
1 8 4
1 9 3
1 10 87
1 11 27
1 12 89
1 13 49
1 14 82
1 15 70
1 16 30
1 17 99
1 18 91
1 19 33
1 20 23
1 21 7
1 22 77
1 23 81
1 24 76
1 25 50
1 26 94
1 27 23
1 28 42
1 29 65
1 30 43
1 31 98
1 32 88
1 33 75
1 34 83
1 35 73
1 36 50
1 37 93
1 38 6
1 39 59
1 40 5
1 41 73
1 42 29
1 43 69
1 44 44
1 45 3
1 46 34
1 48 41
1 49 10
1 50 44
1 51 54
1 52 28
1 53 22
1 54 61
1 55 6
1 56 37
1 57 82
1 58 77
1 59 44
1 60 87
1 61 91
1 62 88
1 63 5
1 64 66
1 65 30
1 66 19
1 67 96
1 68 60
1 69 83
1 70 55
1 71 84
1 72 71
1 73 4
1 74 91
1 75 99
1 76 82
1 77 50
1 78 41
1 79 12
1 80 50
1 81 66
1 82 26
1 83 95
1 84 3
1 85 89
1 86 5
1 87 93
1 88 71
1 89 96
2 0 96
2 1 80
2 3 75
2 4 18
2 5 64
2 6 84
2 7 36
2 8 32
2 9 32
2 10 52
2 11 69
2 12 86
2 13 11
2 14 19
2 15 82
2 16 5
2 17 4
2 18 47
2 19 68
2 20 20
2 21 61
2 22 73
2 23 9
2 24 38
2 25 65
2 26 92
2 27 10
2 28 57
2 29 98
2 30 94
2 31 56
2 32 31
2 33 58
2 34 73
2 35 74
2 36 30
2 37 42
2 38 5
2 39 60
2 40 81
2 41 10
2 42 14
2 43 85
2 44 40
2 45 8
2 46 42
2 47 79
2 48 2
2 49 50
2 50 75
2 51 32
2 53 70
2 54 96
2 55 91
2 56 64
2 57 47
2 58 18
2 59 72
2 60 55
2 61 71
2 62 31
2 63 89
2 64 62
2 65 50
2 66 26
2 67 89
2 68 80
2 69 55
2 70 48
2 71 23
2 72 88
2 73 41
2 74 76
2 75 98
2 76 27
2 77 70
2 78 55
2 79 83
2 80 23
2 81 93
2 82 100
2 83 71
2 84 7
2 85 59
2 86 67
2 87 8
2 88 51
2 89 12
3 0 84
3 1 53
3 2 79
3 4 26
3 5 60
3 6 17
3 7 56
3 8 29
3 9 50
3 10 60
3 11 37
3 12 24
3 13 100
3 14 1
3 15 14
3 16 54
3 17 15
3 18 32
3 19 19
3 20 92
3 21 8
3 22 25
3 23 27
3 25 22
3 26 84
3 27 69
3 28 77
3 29 7
3 30 11
3 31 31
3 32 85
3 33 30
3 34 62
3 35 56
3 36 64
3 37 7
3 38 53
3 39 80
3 40 62
3 41 51
3 42 13
3 43 75
3 44 85
3 45 2
3 46 2
3 47 19
3 48 82
3 49 39
3 50 10
3 51 60
3 52 72
3 53 3
3 54 60
3 55 25
3 56 38
3 57 14
3 58 67
3 59 78
3 60 70
3 61 56
3 62 62
3 63 69
3 64 13
3 65 25
3 66 11
3 67 46
3 68 28
3 69 27
3 70 39
3 71 24
3 72 15
3 73 78
3 74 2
3 75 96
3 76 57
3 77 94
3 78 72
3 79 54
3 80 67
3 81 22
3 82 99
3 83 91
3 84 38
3 85 73
3 86 67
3 87 92
3 88 74
3 89 81
4 0 50
4 1 57
4 2 78
4 3 20
4 5 67
4 6 43
4 7 41
4 8 88
4 9 15
4 10 62
4 11 59
4 12 24
4 13 93
4 14 94
4 15 50
4 16 53
4 17 94
4 18 48
4 19 99
4 20 68
4 21 70
4 22 67
4 23 69
4 24 71
4 25 96
4 26 60
4 27 39
4 28 15
4 29 98
4 30 19
4 31 79
4 32 32
4 33 26
4 34 18
4 35 51
4 36 36
4 37 38
4 38 24
4 39 68
4 40 67
4 41 82
4 42 26
4 43 98
4 44 60
4 45 6
4 46 20
4 47 89
4 48 34
4 49 67
4 50 32
4 51 23
4 52 52
4 53 54
4 54 41
4 55 12
4 56 72
4 57 50
4 58 13
4 59 53
4 60 11
4 61 4
4 62 59
4 63 97
4 64 16
4 65 34
4 66 23
4 67 52
4 68 69
4 69 19
4 70 9
4 71 11
4 72 99
4 73 2
4 74 4
4 75 70
4 76 46
4 77 78
4 78 17
4 79 8
4 80 42
4 81 56
4 82 34
4 83 61
4 84 39
4 85 6
4 86 26
4 87 28
4 88 16
4 89 35
5 1 49
5 2 1
5 3 62
5 4 64
5 6 90
5 7 65
5 8 71
5 9 86
5 10 80
5 11 33
5 12 19
5 13 78
5 14 56
5 15 62
5 16 35
5 18 2
5 19 55
5 20 77
5 21 12
5 22 9
5 23 69
5 24 58
5 25 29
5 26 61
5 27 59
5 28 32
5 29 79
5 30 75
5 31 73
5 32 32
5 33 32
5 34 41
5 35 84
5 36 48
5 37 57
5 38 31
5 39 74
5 40 95
5 41 90
5 42 95
5 43 48
5 44 23
5 45 40
5 46 32
5 47 40
5 48 19
5 49 72
5 50 10
5 51 20
5 52 50
5 53 33
5 54 90
5 55 51
5 56 69
5 57 53
5 58 23
5 59 99
5 60 44
5 61 64
5 62 18
5 63 47
5 64 22
5 65 91
5 66 45
5 67 93
5 68 29
5 69 69
5 70 55
5 71 47
5 72 75
5 73 99
5 74 31
5 75 58
5 76 83
5 77 84
5 78 53
5 79 65
5 80 84
5 81 77
5 82 23
5 83 46
5 84 33
5 85 57
5 86 66
5 87 28
5 88 68
5 89 57
6 0 43
6 1 6
6 2 15
6 3 60
6 4 19
6 5 78
6 7 23
6 8 61
6 9 93
6 10 1
6 11 55
6 12 91
6 13 30
6 14 87
6 15 9
6 16 58
6 17 14
6 18 95
6 19 47
6 20 42
6 21 72
6 22 53
6 23 61
6 24 80
6 25 48
6 26 69
6 27 43
6 28 75
6 29 59
6 30 86
6 31 46
6 32 46
6 33 35
6 34 77
6 35 97
6 36 35
6 37 61
6 38 29
6 39 44
6 40 76
6 41 97
6 42 36
6 43 55
6 44 64
6 45 80
6 46 64
6 47 65
6 48 46
6 49 30
6 50 47
6 51 50
6 52 59
6 54 28
6 55 14
6 56 31
6 57 7
6 58 93
6 59 11
6 60 18
6 61 40
6 62 32
6 63 25
6 64 11
6 65 18
6 66 58
6 67 10
6 69 59
6 70 67
6 71 36
6 72 9
6 73 13
6 74 54
6 75 42
6 76 70
6 77 27
6 78 12
6 79 37
6 80 7
6 81 70
6 82 57
6 83 10
6 84 16
6 85 20
6 86 85
6 87 93
6 88 4
6 89 31
7 0 90
7 1 29
7 2 61
7 3 86
7 4 67
7 5 92
7 6 41
7 8 83
7 9 59
7 10 96
7 11 53
7 12 9
7 13 62
7 14 78
7 15 55
7 17 46
7 18 92
7 19 60
7 20 10
7 21 58
7 22 33
7 23 82
7 24 76
7 25 33
7 26 46
7 27 31
7 28 6
7 29 64
7 30 5
7 31 6
7 32 31
7 33 100
7 34 84
7 35 87
7 36 72
7 37 99
7 38 42
7 39 74
7 40 8
7 41 69
7 42 42
7 43 13
7 44 100
7 45 53
7 46 31
7 47 72
7 48 28
7 49 72
7 50 60
7 51 94
7 52 41
7 53 95
7 54 53
7 55 44
7 56 19
7 57 90
7 58 90
7 59 53
7 60 24
7 61 38
7 62 63
7 63 97
7 64 52
7 65 48
7 66 95
7 67 85
7 68 60
7 69 75
7 70 4
7 71 67
7 72 65
7 73 3
7 74 98
7 75 29
7 76 49
7 77 91
7 78 37
7 79 86
7 80 50
7 81 52
7 82 23
7 83 85
7 84 43
7 85 100
7 86 68
7 87 91
7 88 16
7 89 74
8 0 99
8 1 75
8 2 95
8 3 14
8 4 6
8 5 24
8 6 36
8 7 48
8 9 71
8 10 49
8 11 53
8 12 3
8 13 5
8 14 77
8 15 71
8 16 49
8 17 85
8 18 58
8 19 38
8 20 82
8 21 96
8 22 42
8 23 53
8 24 20
8 25 72
8 26 5
8 27 36
8 28 95
8 30 79
8 31 45
8 32 52
8 33 4
8 34 55
8 35 93
8 36 5
8 37 44
8 38 41
8 39 87
8 40 63
8 41 38
8 42 41
8 43 64
8 44 12
8 45 75
8 46 57
8 47 38
8 48 30
8 49 44
8 50 32
8 51 63
8 52 85
8 53 85
8 54 34
8 55 96
8 56 45
8 57 42
8 58 78
8 59 97
8 60 82
8 61 60
8 62 50
8 63 50
8 64 74
8 65 65
8 66 6
8 67 32
8 68 90
8 69 78
8 70 26
8 71 77
8 72 99
8 73 64
8 74 99
8 76 92
8 77 49
8 78 52
8 79 40
8 80 57
8 81 90
8 82 93
8 83 3
8 84 12
8 85 87
8 86 21
8 87 21
8 88 2
8 89 46
9 0 16
9 1 44
9 2 71
9 3 74
9 4 7
9 5 42
9 6 39
9 7 58
9 8 33
9 10 56
9 11 25
9 13 72
9 14 34
9 15 29
9 16 83
9 17 15
9 18 82
9 19 93
9 20 20
9 21 32
9 22 9
9 23 28
9 24 61
9 25 25
9 26 69
9 27 1
9 28 20
9 29 29
9 30 61
9 31 72
9 32 57
9 33 1
9 34 31
9 35 98
9 36 4
9 37 8
9 38 79
9 39 57
9 40 60
9 41 29
9 42 69
9 43 46
9 44 72
9 45 27
9 46 13
9 47 63
9 48 45
9 49 32
9 50 24
9 51 90
9 52 85
9 53 76
9 54 50
9 55 33
9 56 84
9 57 61
9 58 44
9 59 14
9 60 35
9 61 39
9 62 26
9 63 56
9 64 27
9 65 89
9 66 40
9 67 58
9 68 11
9 69 41
9 70 57
9 71 52
9 72 61
9 73 12
9 74 76
9 75 51
9 76 25
9 77 84
9 78 10
9 79 16
9 80 2
9 81 56
9 82 100
9 83 74
9 85 61
9 86 6
9 87 87
9 88 72
9 89 9
10 0 7
10 1 62
10 2 63
10 3 80
10 4 34
10 5 94
10 6 62
10 7 26
10 8 90
10 9 5
10 11 20
10 12 66
10 13 81
10 14 90
10 15 64
10 16 42
10 17 18
10 18 65
10 19 45
10 20 83
10 21 13
10 22 76
10 23 75
10 24 100
10 25 100
10 26 96
10 27 94
10 28 81
10 29 44
10 30 95
10 31 53
10 32 94
10 33 12
10 34 51
10 35 17
10 36 29
10 37 62
10 38 25
10 39 95
10 40 63
10 41 51
10 42 98
10 44 93
10 45 20
10 46 18
10 47 28
10 48 25
10 49 19
10 50 29
10 51 15
10 52 26
10 53 39
10 54 66
10 55 41
10 56 83
10 57 5
10 58 33
10 59 8
10 60 19
10 61 80
10 62 23
10 63 11
10 64 20
10 65 16
10 66 18
10 67 83
10 68 94
10 69 63
10 70 15
10 71 48
10 72 62
10 73 94
10 74 36
10 75 17
10 76 49
10 77 69
10 78 38
10 79 83
10 80 89
10 81 24
10 82 87
10 83 50
10 84 81
10 85 22
10 86 64
10 87 15
10 88 80
10 89 92
11 0 88
11 1 88
11 2 69
11 3 19
11 4 2
11 5 71
11 6 25
11 7 90
11 8 91
11 9 6
11 10 23
11 12 84
11 13 100
11 14 87
11 15 59
11 16 78
11 17 52
11 18 64
11 19 73
11 20 18
11 21 90
11 22 69
11 23 24
11 24 18
11 25 54
11 26 43
11 27 5
11 28 4
11 29 93
11 30 33
11 31 70
11 32 73
11 33 59
11 34 59
11 35 96
11 36 3
11 37 13
11 38 79
11 39 70
11 40 34
11 41 3
11 42 76
11 43 73
11 44 74
11 45 47
11 46 58
11 47 7
11 48 96
11 49 60
11 50 34
11 51 29
11 52 24
11 53 66
11 54 23
11 55 14
11 56 89
11 57 43
11 58 28
11 59 80
11 60 80
11 61 72
11 62 50
11 63 93
11 64 15
11 65 87
11 66 33
11 67 44
11 68 18
11 69 88
11 70 38
11 71 96
11 72 63
11 73 22
11 74 10
11 75 6
11 76 68
11 77 72
11 78 38
11 79 26
11 80 27
11 81 46
11 82 58
11 83 57
11 84 36
11 85 46
11 86 13
11 87 64
11 88 28
11 89 39
12 0 32
12 1 72
12 2 6
12 3 3
12 4 83
12 5 9
12 6 54
12 7 35
12 8 59
12 9 12
12 10 12
12 11 35
12 13 75
12 14 65
12 15 100
12 16 29
12 17 42
12 18 39
12 19 22
12 20 90
12 21 73
12 22 32
12 23 36
12 24 28
12 25 6
12 26 85
12 27 93
12 28 21
12 29 58
12 30 9
12 31 70
12 32 91
12 33 4
12 34 96
12 35 94
12 36 41
12 37 10
12 38 89
12 39 82
12 40 16
12 41 11
12 42 1
12 43 66
12 44 85
12 45 71
12 46 54
12 47 20
12 48 96
12 49 24
12 50 67
12 51 33
12 52 70
12 53 36
12 54 29
12 55 4
12 56 38
12 57 10
12 58 43
12 59 20
12 60 82
12 61 85
12 62 10
12 63 95
12 64 61
12 65 88
12 66 59
12 67 17
12 68 76
12 69 12
12 70 67
12 71 26
12 72 41
12 73 44
12 74 87
12 75 21
12 76 84
12 77 35
12 78 37
12 79 50
12 80 73
12 81 36
12 82 89
12 83 50
12 84 1
12 85 55
12 86 81
12 87 63
12 88 30
12 89 72
13 0 100
13 1 95
13 2 24
13 3 95
13 4 34
13 5 96
13 6 30
13 7 91
13 8 51
13 9 87
13 10 23
13 12 74
13 14 8
13 15 96
13 16 76
13 17 14
13 18 78
13 19 70
13 20 97
13 21 47
13 22 81
13 23 21
13 24 64
13 25 74
13 26 47
13 27 56
13 28 64
13 29 33
13 30 85
13 31 71
13 32 22
13 33 36
13 34 8
13 35 35
13 36 67
13 37 86
13 38 82
13 39 33
13 40 5
13 41 72
13 42 11
13 43 12
13 44 38
13 45 59
13 46 100
13 47 59
13 48 4
13 49 20
13 50 32
13 51 59
13 52 69
13 53 42
13 54 90
13 55 28
13 56 70
13 57 12
13 58 76
13 59 33
13 60 56
13 61 80
13 62 67
13 63 66
13 64 79
13 65 61
13 66 79
13 67 98
13 68 10
13 69 38
13 70 30
13 71 95
13 72 67
13 73 19
13 74 7
13 75 28
13 76 78
13 77 67
13 78 63
13 79 25
13 80 85
13 81 72
13 82 10
13 83 50
13 84 93
13 85 35
13 86 52
13 87 38
13 88 83
13 89 31
14 0 25
14 1 97
14 2 43
14 3 44
14 4 33
14 5 3
14 6 34
14 7 87
14 8 3
14 9 81
14 10 99
14 11 84
14 12 52
14 13 58
14 15 79
14 16 83
14 17 4
14 18 69
14 19 7
14 20 52
14 21 26
14 22 49
14 23 92
14 24 74
14 25 93
14 26 38
14 27 79
14 28 17
14 29 15
14 30 3
14 31 16
14 32 33
14 33 85
14 34 1
14 35 30
14 36 44
14 37 38
14 38 54
14 39 22
14 40 59
14 41 86
14 42 83
14 43 33
14 45 97
14 46 37
14 47 47
14 48 78
14 49 87
14 50 93
14 51 37
14 52 16
14 53 2
14 54 84
14 55 46
14 56 6
14 57 31
14 58 1
14 59 36
14 60 37
14 61 31
14 62 60
14 63 69
14 64 84
14 65 27
14 66 50
14 67 61
14 68 69
14 69 84
14 70 17
14 71 54
14 72 55
14 73 84
14 74 80
14 75 14
14 76 60
14 77 10
14 78 77
14 79 96
14 80 100
14 81 50
14 82 34
14 83 59
14 84 32
14 85 6
14 86 85
14 87 28
14 88 4
14 89 43
15 0 6
15 1 24
15 2 3
15 3 99
15 4 42
15 5 26
15 6 61
15 7 16
15 8 3
15 9 5
15 10 62
15 11 23
15 12 12
15 13 64
15 14 51
15 16 69
15 17 73
15 18 59
15 19 37
15 20 62
15 21 57
15 22 44
15 23 69
15 24 91
15 25 97
15 26 82
15 27 58
15 28 65
15 29 91
15 30 31
15 31 24
15 32 58
15 33 42
15 34 89
15 35 46
15 36 88
15 37 45
15 38 52
15 39 5
15 40 11
15 41 59
15 42 11
15 43 4
15 44 16
15 45 27
15 46 60
15 47 98
15 48 30
15 49 30
15 50 85
15 51 12
15 52 22
15 53 8
15 54 19
15 55 56
15 56 90
15 57 21
15 58 80
15 59 62
15 60 10
15 61 46
15 62 100
15 63 25
15 64 33
15 65 75
15 66 50
15 67 27
15 68 57
15 69 59
15 70 94
15 71 85
15 72 40
15 73 48
15 74 72
15 75 80
15 76 9
15 77 45
15 78 21
15 79 54
15 80 37
15 81 81
15 82 49
15 83 98
15 84 7
15 85 81
15 86 67
15 87 25
15 88 6
15 89 47
16 0 71
16 1 71
16 2 27
16 3 43
16 4 64
16 5 55
16 6 22
16 7 100
16 8 3
16 9 15
16 10 65
16 11 49
16 12 98
16 13 24
16 14 73
16 15 37
16 17 86
16 18 97
16 19 86
16 20 58
16 21 95
16 22 31
16 23 93
16 24 64
16 25 66
16 26 58
16 27 79
16 28 99
16 29 61
16 30 89
16 31 40
16 32 36
16 33 34
16 34 69
16 35 1
16 36 8
16 37 19
16 38 50
16 39 10
16 40 51
16 41 49
16 42 98
16 43 94
16 44 67
16 45 27
16 46 9
16 47 100
16 48 7
16 49 71
16 50 46
16 51 62
16 52 92
16 53 98
16 54 29
16 55 48
16 56 16
16 57 39
16 58 90
16 59 51
16 60 9
16 61 25
16 62 26
16 63 97
16 64 69
16 65 68
16 66 100
16 67 75
16 68 7
16 69 90
16 70 2
16 71 61
16 72 24
16 73 57
16 74 81
16 75 25
16 76 62
16 77 68
16 78 26
16 79 55
16 80 74
16 81 85
16 82 55
16 83 7
16 85 46
16 86 61
16 87 100
16 88 34
16 89 39
17 1 19
17 2 96
17 3 43
17 4 81
17 5 1
17 6 88
17 7 53
17 8 49
17 9 79
17 10 77
17 11 75
17 12 22
17 13 38
17 14 96
17 15 26
17 16 28
17 18 56
17 19 39
17 20 84
17 21 29
17 22 85
17 23 93
17 24 5
17 25 99
17 26 12
17 27 31
17 28 3
17 29 2
17 30 20
17 31 95
17 32 75
17 33 59
17 34 90
17 35 77
17 36 3
17 37 10
17 38 66
17 39 99
17 40 22
17 41 24
17 42 78
17 43 52
17 44 10
17 45 17
17 46 15
17 47 38
17 48 80
17 49 6
17 50 93
17 51 18
17 52 52
17 53 22
17 54 9
17 55 11
17 56 87
17 57 10
17 58 24
17 59 41
17 60 1
17 61 80
17 62 88
17 63 8
17 64 62
17 65 49
17 66 7
17 67 32
17 68 22
17 69 25
17 70 97
17 71 27
17 72 1
17 73 64
17 74 100
17 75 41
17 76 98
17 77 8
17 78 76
17 79 37
17 80 59
17 81 94
17 82 39
17 83 2
17 84 55
17 85 58
17 86 69
17 87 76
17 88 45
17 89 61
18 0 24
18 1 89
18 2 44
18 3 21
18 4 9
18 5 48
18 6 15
18 7 55
18 8 19
18 9 94
18 10 28
18 11 36
18 12 10
18 13 8
18 14 70
18 15 54
18 16 76
18 17 39
18 19 37
18 20 22
18 21 42
18 22 64
18 23 88
18 24 72
18 25 30
18 26 2
18 27 47
18 28 32
18 29 65
18 30 1
18 31 95
18 32 29
18 33 32
18 34 3
18 35 82
18 36 16
18 37 46
18 38 16
18 39 63
18 40 39
18 41 36
18 42 35
18 43 68
18 44 72
18 45 29
18 46 18
18 47 17
18 48 3
18 49 67
18 50 88
18 51 91
18 52 31
18 53 59
18 54 18
18 55 51
18 56 22
18 57 14
18 58 37
18 59 5
18 60 23
18 61 79
18 62 88
18 63 69
18 65 23
18 66 52
18 67 54
18 68 27
18 69 84
18 70 46
18 71 78
18 72 94
18 73 83
18 74 58
18 75 16
18 76 77
18 77 76
18 78 6
18 79 41
18 80 81
18 81 28
18 82 1
18 83 87
18 84 5
18 85 10
18 86 39
18 87 32
18 88 64
18 89 73
19 0 93
19 1 5
19 2 25
19 3 92
19 4 24
19 5 5
19 6 61
19 7 50
19 8 87
19 9 69
19 10 100
19 11 75
19 12 51
19 13 15
19 14 25
19 15 71
19 16 17
19 17 81
19 18 32
19 20 68
19 21 11
19 22 75
19 23 30
19 24 4
19 25 96
19 26 94
19 27 29
19 28 44
19 29 41
19 30 68
19 31 42
19 32 27
19 33 89
19 34 16
19 35 3
19 36 79
19 37 23
19 38 13
19 39 90
19 40 9
19 41 40
19 42 3
19 43 64
19 44 81
19 45 26
19 46 27
19 47 84
19 48 39
19 49 97
19 50 60
19 51 15
19 52 5
19 53 36
19 54 65
19 55 85
19 56 53
19 57 12
19 58 78
19 59 40
19 60 11
19 61 29
19 62 60
19 63 37
19 64 66
19 65 68
19 67 29
19 68 82
19 69 3
19 70 28
19 71 68
19 72 17
19 73 28
19 74 86
19 75 27
19 76 65
19 77 41
19 78 42
19 79 46
19 80 61
19 81 84
19 82 28
19 83 23
19 84 72
19 85 43
19 86 30
19 87 94
19 88 67
19 89 57
20 0 14
20 1 7
20 2 40
20 3 45
20 4 33
20 5 37
20 6 55
20 7 29
20 8 18
20 9 77
20 10 48
20 11 79
20 12 69
20 13 49
20 14 27
20 15 65
20 16 69
20 17 4
20 18 77
20 19 43
20 21 2
20 22 32
20 23 87
20 24 46
20 25 63
20 26 88
20 27 63
20 28 2
20 29 88
20 30 12
20 31 38
20 32 16
20 33 60
20 34 13
20 36 37
20 37 84
20 38 96
20 39 20
20 40 45
20 41 89
20 42 58
20 43 93
20 44 3
20 45 11
20 46 20
20 47 34
20 48 72
20 49 1
20 50 51
20 51 59
20 52 94
20 53 82
20 54 53
20 55 34
20 56 25
20 57 66
20 58 61
20 59 94
20 60 29
20 61 97
20 62 66
20 63 40
20 64 99
20 65 87
20 66 28
20 67 9
20 68 86
20 69 95
20 70 60
20 72 100
20 73 90
20 74 64
20 75 58
20 76 92
20 77 52
20 78 9
20 79 94
20 80 78
20 81 30
20 82 61
20 83 95
20 84 37
20 85 56
20 86 49
20 87 41
20 88 54
20 89 71
21 0 100
21 1 91
21 2 64
21 3 73
21 4 28
21 5 66
21 6 13
21 7 42
21 8 62
21 9 66
21 10 73
21 11 36
21 12 31
21 13 34
21 14 3
21 15 93
21 16 41
21 17 47
21 18 70
21 19 48
21 20 84
21 22 44
21 23 51
21 24 38
21 25 69
21 26 14
21 27 1
21 28 8
21 29 44
21 30 60
21 31 77
21 32 41
21 33 2
21 34 21
21 35 1
21 36 16
21 37 53
21 38 55
21 39 93
21 40 81
21 41 22
21 42 92
21 43 35
21 44 40
21 45 18
21 46 38
21 47 41
21 48 83
21 49 33
21 50 67
21 51 60
21 52 27
21 53 35
21 54 66
21 55 18
21 56 82
21 57 64
21 58 95
21 59 14
21 60 61
21 61 74
21 62 28
21 63 17
21 64 6
21 65 33
21 66 63
21 67 47
21 68 54
21 69 37
21 70 30
21 71 87
21 72 66
21 73 38
21 74 9
21 75 42
21 76 99
21 77 26
21 78 49
21 79 13
21 80 94
21 81 57
21 82 89
21 83 76
21 84 1
21 85 59
21 86 12
21 87 11
21 88 17
21 89 80
22 0 69
22 1 98
22 2 65
22 3 41
22 4 43
22 5 28
22 7 1
22 8 65
22 9 29
22 10 90
22 11 5
22 12 32
22 13 24
22 14 51
22 15 49
22 16 41
22 17 86
22 18 16
22 19 84
22 20 11
22 21 95
22 23 7
22 24 93
22 25 83
22 26 76
22 27 99
22 28 62
22 29 22
22 30 68
22 31 13
22 32 71
22 33 89
22 34 11
22 35 90
22 36 70
22 37 47
22 38 33
22 39 57
22 40 24
22 41 77
22 42 71
22 43 19
22 44 8
22 45 40
22 46 13
22 47 39
22 48 66
22 49 94
22 50 51
22 51 6
22 52 44
22 53 65
22 54 22
22 55 91
22 56 60
22 57 84
22 58 35
22 59 17
22 60 55
22 61 62
22 62 22
22 63 64
22 64 64
22 65 20
22 66 91
22 67 74
22 68 58
22 69 12
22 70 86
22 71 29
22 72 72
22 73 10
22 74 58
22 75 22
22 76 19
22 77 70
22 78 73
22 79 2
22 80 26
22 81 15
22 82 71
22 83 86
22 84 29
22 85 95
22 86 8
22 87 99
22 88 8
22 89 59
23 0 34
23 1 79
23 2 2
23 3 7
23 4 31
23 5 42
23 6 86
23 7 22
23 8 15
23 9 40
23 10 56
23 11 95
23 12 86
23 13 32
23 14 5
23 15 47
23 16 39
23 17 70
23 18 6
23 19 78
23 20 92
23 21 51
23 22 77
23 24 82
23 25 67
23 26 35
23 27 14
23 28 51
23 29 62
23 30 75
23 31 14
23 32 63
23 33 77
23 34 24
23 35 22
23 36 75
23 37 33
23 38 92
23 39 69
23 40 82
23 41 5
23 42 70
23 43 16
23 44 47
23 45 99
23 47 53
23 48 71
23 49 95
23 50 42
23 51 78
23 52 30
23 53 58
23 54 30
23 55 55
23 56 3
23 57 39
23 58 59
23 59 2
23 60 64
23 61 81
23 62 100
23 63 90
23 64 43
23 65 40
23 66 79
23 67 1
23 68 53
23 69 77
23 70 30
23 71 24
23 72 81
23 73 74
23 74 56
23 75 2
23 76 67
23 77 89
23 78 63
23 79 96
23 80 57
23 81 48
23 82 66
23 83 82
23 84 3
23 85 7
23 86 39
23 87 69
23 88 44
23 89 59
24 0 100
24 1 27
24 2 77
24 3 19
24 4 36
24 5 78
24 6 95
24 7 96
24 8 25
24 9 22
24 10 7
24 11 54
24 12 7
24 13 100
24 14 43
24 15 58
24 16 86
24 17 39
24 18 29
24 19 54
24 20 8
24 21 43
24 22 19
24 23 43
24 25 58
24 26 100
24 27 69
24 28 30
24 29 54
24 30 29
24 31 12
24 32 50
24 33 48
24 34 83
24 35 63
24 36 80
24 37 86
24 38 53
24 39 51
24 40 54
24 41 11
24 42 86
24 43 99
24 44 11
24 45 87
24 46 89
24 47 85
24 48 33
24 49 31
24 50 19
24 51 72
24 52 67
24 53 11
24 54 3
24 55 8
24 56 58
24 57 79
24 58 77
24 59 98
24 60 81
24 61 86
24 62 10
24 63 2
24 64 51
24 65 26
24 66 13
24 67 30
24 68 84
24 69 49
24 70 40
24 71 23
24 72 32
24 73 19
24 74 100
24 75 51
24 76 32
24 77 36
24 78 22
24 79 64
24 80 65
24 81 55
24 82 5
24 83 61
24 84 21
24 85 3
24 86 41
24 87 27
24 88 13
24 89 42
25 0 80
25 1 4
25 2 39
25 3 59
25 4 80
25 5 77
25 6 87
25 7 38
25 8 34
25 9 24
25 10 84
25 11 4
25 12 66
25 13 18
25 14 97
25 15 53
25 16 62
25 17 62
25 18 10
25 19 49
25 20 98
25 21 90
25 22 91
25 23 57
25 24 43
25 26 67
25 27 9
25 28 14
25 29 15
25 30 40
25 31 62
25 32 45
25 33 59
25 34 66
25 35 16
25 36 37
25 37 65
25 38 93
25 39 30
25 40 82
25 41 76
25 42 68
25 43 85
25 44 78
25 45 31
25 46 31
25 47 5
25 48 77
25 49 93
25 50 17
25 51 15
25 52 80
25 53 41
25 54 71
25 55 20
25 56 44
25 57 69
25 58 57
25 59 84
25 60 2
25 61 61
25 62 53
25 63 90
25 64 88
25 65 29
25 66 78
25 67 67
25 68 17
25 69 96
25 70 79
25 71 56
25 72 66
25 73 92
25 74 74
25 75 94
25 76 37
25 77 89
25 78 1
25 79 2
25 80 52
25 81 94
25 82 42
25 83 36
25 84 29
25 85 12
25 86 2
25 87 89
25 88 90
25 89 55
26 0 82
26 1 91
26 2 36
26 3 83
26 4 74
26 5 76
26 6 74
26 7 100
26 8 68
26 10 6
26 11 87
26 12 62
26 13 46
26 14 85
26 15 68
26 16 66
26 17 77
26 18 35
26 19 85
26 20 93
26 21 88
26 22 93
26 23 3
26 24 92
26 25 79
26 27 10
26 28 15
26 29 34
26 30 73
26 31 24
26 32 29
26 33 64
26 34 27
26 35 93
26 36 12
26 37 50
26 38 52
26 39 56
26 40 14
26 41 15
26 42 7
26 43 78
26 44 98
26 45 24
26 46 72
26 47 82
26 48 37
26 49 4
26 50 80
26 51 27
26 52 43
26 53 4
26 54 40
26 55 30
26 56 86
26 57 19
26 58 55
26 59 59
26 60 45
26 61 68
26 62 52
26 63 54
26 64 64
26 65 48
26 66 69
26 67 19
26 68 61
26 69 59
26 70 3
26 71 1
26 72 50
26 73 5
26 74 91
26 75 81
26 76 58
26 77 44
26 78 50
26 79 83
26 80 45
26 81 86
26 82 4
26 83 18
26 84 26
26 85 64
26 86 63
26 87 63
26 88 9
26 89 99
27 0 4
27 1 62
27 2 66
27 3 93
27 4 79
27 5 82
27 6 50
27 7 39
27 8 39
27 9 66
27 10 19
27 11 28
27 12 78
27 13 93
27 14 61
27 15 48
27 16 70
27 17 64
27 18 7
27 19 94
27 20 50
27 21 55
27 22 35
27 23 84
27 24 34
27 25 48
27 26 25
27 28 24
27 29 76
27 30 36
27 31 58
27 32 69
27 33 17
27 34 100
27 35 100
27 36 8
27 37 15
27 38 32
27 39 3
27 40 11
27 41 36
27 42 57
27 43 7
27 44 3
27 45 33
27 46 43
27 47 66
27 48 56
27 49 20
27 50 78
27 51 28
27 53 48
27 54 73
27 55 80
27 56 54
27 57 87
27 58 96
27 59 96
27 60 62
27 61 41
27 62 46
27 63 73
27 64 9
27 65 85
27 66 86
27 67 60
27 68 22
27 69 69
27 70 51
27 71 34
27 72 49
27 73 84
27 74 51
27 75 85
27 76 79
27 77 43
27 78 56
27 79 88
27 80 67
27 81 14
27 82 65
27 83 42
27 85 95
27 86 60
27 87 7
27 88 28
27 89 37
28 0 6
28 1 87
28 2 63
28 3 11
28 4 84
28 5 50
28 6 81
28 7 88
28 8 23
28 9 43
28 10 66
28 11 86
28 12 46
28 13 42
28 14 61
28 15 89
28 16 88
28 17 47
28 18 74
28 19 95
28 20 18
28 21 69
28 22 48
28 23 67
28 24 47
28 25 15
28 26 77
28 27 10
28 29 75
28 30 27
28 31 77
28 32 68
28 33 18
28 34 79
28 35 46
28 36 28
28 37 80
28 38 19
28 39 93
28 40 36
28 41 43
28 42 4
28 43 3
28 44 52
28 45 68
28 46 68
28 47 11
28 48 98
28 49 56
28 50 15
28 51 49
28 52 70
28 53 27
28 54 79
28 55 84
28 56 45
28 57 73
28 58 78
28 59 47
28 60 63
28 61 47
28 62 37
28 63 74
28 64 41
28 65 1
28 66 65
28 67 81
28 68 18
28 69 65
28 70 47
28 71 62
28 72 53
28 73 17
28 74 74
28 75 71
28 76 7
28 77 99
28 78 28
28 79 29
28 80 43
28 81 56
28 82 74
28 83 35
28 84 98
28 85 31
28 86 36
28 87 65
28 88 87
28 89 92
29 0 85
29 1 96
29 2 46
29 3 89
29 4 38
29 5 32
29 6 34
29 7 96
29 8 37
29 9 41
29 10 5
29 11 20
29 12 57
29 13 38
29 14 92
29 15 97
29 16 52
29 17 79
29 18 86
29 19 90
29 20 95
29 21 70
29 22 38
29 23 33
29 24 5
29 25 36
29 26 66
29 27 38
29 28 86
29 30 81
29 31 13
29 32 22
29 33 96
29 34 18
29 35 13
29 36 54
29 37 9
29 38 71
29 39 31
29 40 17
29 41 14
29 42 28
29 43 71
29 44 15
29 45 78
29 46 39
29 47 12
29 48 42
29 49 90
29 50 67
29 51 49
29 52 10
29 53 59
29 54 75
29 55 29
29 56 96
29 57 44
29 58 22
29 59 9
29 60 27
29 61 25
29 62 42
29 63 85
29 64 56
29 65 95
29 66 76
29 67 63
29 68 13
29 69 45
29 70 81
29 71 68
29 72 18
29 73 20
29 74 82
29 75 14
29 76 28
29 77 56
29 78 68
29 79 34
29 80 57
29 81 3
29 82 93
29 83 13
29 84 79
29 85 100
29 86 24
29 87 22
29 88 18
29 89 98
30 0 77
30 1 85
30 2 32
30 3 38
30 4 87
30 5 61
30 6 81
30 7 96
30 8 63
30 9 77
30 10 93
30 11 81
30 12 87
30 13 75
30 14 65
30 15 75
30 16 41
30 17 7
30 18 6
30 19 21
30 20 24
30 21 90
30 22 33
30 23 16
30 24 64
30 25 19
30 26 77
30 27 28
30 28 99
30 29 98
30 31 10
30 32 66
30 33 7
30 34 20
30 35 1
30 36 94
30 37 24
30 38 96
30 39 94
30 40 12
30 41 15
30 42 99
30 43 66
30 44 8
30 45 15
30 46 72
30 47 22
30 48 68
30 49 6
30 50 79
30 51 91
30 52 4
30 53 35
30 54 61
30 55 82
30 56 19
30 57 21
30 58 83
30 59 87
30 60 21
30 61 44
30 62 31
30 63 91
30 64 46
30 65 17
30 66 44
30 67 86
30 68 62
30 69 77
30 70 26
30 71 20
30 72 90
30 73 6
30 74 10
30 75 25
30 76 50
30 77 91
30 78 70
30 80 69
30 81 97
30 83 59
30 84 36
30 85 97
30 86 61
30 87 72
30 88 87
30 89 11
31 0 23
31 1 73
31 2 18
31 3 48
31 4 63
31 5 63
31 6 93
31 7 28
31 8 59
31 9 76
31 10 8
31 11 40
31 12 87
31 13 54
31 14 79
31 15 31
31 16 8
31 17 61
31 18 16
31 19 40
31 20 51
31 21 80
31 22 54
31 23 71
31 24 88
31 25 91
31 26 88
31 27 83
31 28 25
31 29 27
31 30 28
31 32 83
31 33 41
31 34 96
31 35 13
31 36 5
31 37 60
31 38 16
31 39 100
31 40 8
31 41 21
31 42 64
31 43 90
31 44 4
31 45 18
31 46 39
31 47 83
31 48 76
31 49 99
31 50 95
31 51 2
31 52 99
31 53 44
31 54 94
31 55 34
31 56 83
31 57 41
31 58 49
31 59 76
31 60 72
31 61 84
31 62 91
31 63 29
31 64 95
31 65 73
31 66 37
31 67 96
31 68 92
31 69 37
31 70 94
31 71 28
31 72 26
31 73 57
31 74 26
31 75 39
31 76 72
31 77 74
31 78 35
31 79 19
31 80 94
31 81 58
31 82 74
31 83 88
31 84 49
31 85 45
31 86 53
31 87 91
31 88 7
31 89 10
32 0 80
32 1 54
32 2 24
32 3 10
32 4 60
32 5 67
32 6 6
32 8 95
32 9 23
32 10 25
32 11 97
32 12 99
32 13 78
32 14 75
32 15 30
32 16 77
32 17 73
32 18 79
32 19 74
32 20 81
32 21 78
32 22 7
32 23 13
32 24 1
32 25 32
32 26 12
32 27 19
32 28 80
32 29 59
32 30 15
32 31 67
32 33 88
32 34 17
32 35 36
32 36 56
32 37 65
32 38 49
32 39 93
32 40 96
32 41 61
32 42 67
32 43 11
32 44 96
32 45 47
32 46 87
32 47 74
32 48 76
32 49 80
32 50 70
32 51 83
32 52 17
32 53 88
32 54 71
32 55 41
32 56 66
32 57 66
32 58 27
32 59 4
32 60 61
32 61 44
32 62 10
32 63 87
32 64 29
32 65 15
32 66 12
32 67 79
32 68 18
32 69 72
32 70 30
32 71 23
32 72 62
32 73 22
32 74 4
32 75 77
32 76 43
32 77 7
32 78 75
32 79 54
32 80 89
32 81 100
32 82 4
32 83 42
32 84 16
32 85 63
32 86 41
32 87 93
32 88 84
32 89 51
33 0 26
33 1 31
33 2 29
33 3 1
33 4 80
33 5 42
33 6 79
33 7 72
33 8 24
33 9 76
33 10 26
33 11 56
33 12 65
33 13 2
33 14 42
33 15 15
33 16 91
33 17 25
33 18 8
33 19 22
33 20 45
33 21 95
33 22 21
33 23 53
33 24 91
33 25 93
33 26 77
33 27 39
33 28 48
33 29 99
33 30 75
33 31 38
33 32 80
33 34 7
33 35 99
33 36 55
33 37 84
33 38 27
33 39 5
33 40 12
33 41 6
33 42 43
33 43 48
33 44 49
33 45 23
33 46 72
33 47 88
33 48 87
33 49 82
33 50 55
33 51 98
33 52 3
33 53 78
33 54 80
33 55 26
33 56 38
33 57 64
33 58 87
33 59 25
33 60 78
33 61 34
33 62 77
33 63 71
33 64 19
33 65 48
33 66 17
33 67 52
33 68 92
33 69 13
33 70 91
33 71 74
33 72 72
33 73 34
33 74 29
33 75 70
33 76 62
33 77 27
33 78 70
33 80 67
33 81 81
33 82 65
33 83 28
33 84 85
33 85 76
33 87 72
33 88 21
33 89 7
34 0 44
34 1 90
34 2 11
34 3 61
34 4 9
34 5 91
34 6 30
34 7 49
34 8 14
34 9 38
34 10 93
34 11 96
34 12 100
34 13 35
34 14 77
34 15 41
34 16 93
34 17 12
34 18 24
34 19 47
34 20 16
34 21 57
34 22 52
34 23 4
34 24 43
34 25 4
34 26 89
34 27 71
34 28 93
34 29 92
34 30 67
34 31 65
34 32 44
34 33 97
34 35 16
34 36 49
34 37 5
34 38 77
34 39 52
34 40 84
34 41 80
34 42 13
34 43 59
34 44 20
34 45 93
34 46 94
34 47 42
34 48 58
34 49 15
34 50 17
34 51 12
34 52 2
34 53 35
34 54 76
34 55 87
34 56 43
34 57 95
34 58 59
34 59 60
34 60 70
34 61 95
34 62 51
34 63 73
34 64 15
34 65 14
34 66 93
34 67 9
34 68 70
34 70 27
34 71 13
34 72 83
34 73 75
34 74 89
34 75 48
34 76 6
34 77 97
34 78 83
34 79 85
34 80 87
34 81 69
34 82 72
34 83 80
34 84 59
34 85 50
34 86 23
34 87 87
34 88 43
34 89 43
35 0 87
35 1 14
35 2 29
35 3 8
35 5 24
35 6 15
35 7 19
35 8 89
35 9 45
35 10 16
35 11 17
35 12 52
35 13 2
35 14 9
35 15 66
35 16 34
35 17 10
35 18 86
35 19 63
35 20 71
35 21 56
35 22 78
35 23 46
35 25 35
35 26 74
35 27 61
35 28 89
35 29 17
35 30 81
35 31 5
35 32 59
35 33 19
35 34 35
35 36 41
35 37 16
35 38 4
35 39 96
35 40 28
35 41 72
35 42 4
35 43 23
35 44 16
35 45 55
35 46 82
35 47 22
35 48 9
35 49 97
35 50 84
35 51 73
35 52 74
35 53 32
35 54 26
35 55 50
35 56 56
35 57 11
35 58 25
35 59 45
35 60 27
35 61 59
35 62 73
35 63 72
35 64 10
35 65 32
35 66 66
35 67 56
35 68 14
35 69 55
35 70 18
35 71 76
35 72 80
35 73 80
35 74 19
35 75 65
35 76 65
35 77 84
35 78 3
35 79 47
35 80 48
35 81 94
35 82 32
35 83 7
35 84 58
35 85 56
35 86 90
35 87 96
35 88 81
35 89 19
36 0 81
36 1 57
36 2 62
36 3 64
36 4 72
36 5 27
36 6 41
36 7 100
36 8 27
36 9 21
36 10 96
36 11 33
36 12 53
36 13 40
36 14 59
36 15 9
36 16 83
36 17 82
36 18 65
36 19 27
36 20 53
36 21 14
36 22 12
36 23 31
36 24 53
36 25 14
36 26 81
36 27 53
36 28 100
36 29 4
36 30 46
36 31 43
36 32 38
36 33 8
36 34 20
36 35 43
36 37 43
36 38 40
36 39 17
36 40 35
36 41 41
36 42 38
36 43 14
36 44 11
36 45 99
36 46 82
36 47 91
36 48 61
36 49 33
36 50 34
36 51 87
36 52 99
36 53 61
36 54 9
36 55 14
36 56 86
36 57 86
36 58 4
36 59 40
36 60 95
36 61 100
36 62 45
36 63 24
36 64 26
36 65 4
36 66 38
36 67 76
36 68 81
36 69 88
36 70 29
36 71 11
36 72 49
36 73 15
36 74 54
36 75 90
36 76 37
36 77 86
36 78 68
36 79 37
36 80 4
36 81 73
36 82 23
36 83 86
36 84 59
36 85 19
36 86 23
36 87 95
36 88 20
36 89 62
37 0 100
37 1 74
37 2 60
37 3 11
37 4 15
37 5 71
37 6 25
37 7 88
37 8 80
37 9 23
37 10 27
37 11 12
37 12 62
37 13 18
37 14 23
37 15 40
37 16 64
37 17 85
37 18 25
37 19 91
37 20 100
37 21 58
37 22 65
37 23 53
37 24 23
37 25 79
37 26 14
37 27 60
37 28 95
37 29 30
37 30 56
37 31 43
37 32 14
37 33 27
37 34 82
37 35 70
37 36 36
37 38 5
37 39 11
37 40 11
37 41 41
37 42 7
37 43 20
37 44 77
37 45 67
37 46 87
37 47 3
37 48 24
37 49 13
37 50 78
37 51 82
37 52 90
37 53 83
37 54 52
37 55 60
37 56 14
37 57 81
37 58 96
37 59 87
37 60 99
37 61 5
37 62 41
37 63 75
37 64 1
37 65 80
37 66 61
37 67 46
37 68 15
37 69 93
37 70 98
37 71 52
37 72 91
37 73 87
37 74 45
37 75 80
37 76 5
37 77 29
37 78 100
37 79 22
37 80 76
37 81 63
37 82 65
37 83 83
37 84 43
37 85 28
37 86 86
37 87 64
37 88 69
37 89 72
38 0 58
38 1 51
38 2 52
38 3 72
38 4 96
38 5 6
38 6 90
38 7 3
38 8 30
38 9 41
38 10 38
38 11 85
38 12 62
38 13 95
38 14 53
38 15 20
38 16 37
38 17 59
38 18 54
38 19 52
38 20 94
38 21 22
38 22 93
38 23 77
38 24 71
38 25 59
38 26 69
38 27 66
38 28 1
38 29 28
38 30 12
38 31 87
38 32 58
38 33 98
38 34 20
38 35 84
38 36 47
38 37 96
38 39 72
38 41 2
38 42 95
38 43 36
38 44 13
38 45 94
38 46 47
38 47 86
38 48 83
38 49 58
38 50 1
38 51 58
38 52 63
38 53 83
38 54 76
38 55 7
38 56 7
38 57 98
38 58 39
38 59 87
38 60 62
38 61 3
38 62 45
38 63 79
38 64 5
38 65 82
38 66 36
38 67 11
38 68 39
38 69 63
38 70 69
38 71 65
38 72 93
38 73 38
38 74 17
38 75 33
38 76 10
38 77 25
38 78 66
38 79 34
38 80 7
38 81 90
38 82 91
38 83 89
38 84 54
38 85 79
38 86 50
38 87 42
38 88 26
38 89 73
39 0 74
39 1 54
39 2 65
39 3 9
39 4 8
39 5 9
39 6 14
39 7 15
39 8 40
39 9 1
39 10 98
39 11 63
39 12 96
39 13 10
39 14 98
39 16 31
39 17 36
39 18 57
39 19 84
39 20 87
39 21 20
39 22 61
39 23 95
39 24 61
39 25 44
39 26 51
39 27 22
39 28 36
39 29 8
39 30 48
39 31 60
39 32 17
39 33 53
39 34 59
39 35 90
39 36 37
39 37 41
39 38 28
39 40 83
39 41 28
39 42 97
39 43 13
39 44 95
39 45 87
39 46 16
39 47 8
39 48 46
39 49 89
39 50 32
39 51 66
39 52 55
39 53 37
39 54 43
39 55 66
39 56 74
39 57 62
39 58 58
39 59 98
39 60 10
39 61 66
39 62 63
39 63 1
39 64 46
39 65 57
39 66 73
39 67 42
39 68 3
39 69 90
39 70 62
39 71 75
39 72 98
39 73 50
39 74 5
39 75 36
39 76 38
39 77 27
39 78 92
39 79 89
39 80 33
39 81 3
39 82 44
39 83 76
39 84 32
39 85 19
39 86 18
39 87 98
39 88 11
39 89 49
40 0 83
40 1 32
40 2 39
40 3 76
40 4 30
40 5 57
40 6 73
40 7 9
40 8 47
40 9 8
40 10 33
40 11 44
40 12 93
40 13 47
40 14 81
40 15 81
40 16 56
40 17 94
40 18 3
40 19 24
40 20 6
40 21 28
40 22 17
40 23 48
40 24 62
40 25 79
40 26 93
40 27 9
40 28 69
40 29 90
40 30 99
40 31 30
40 32 36
40 33 45
40 34 6
40 35 9
40 36 49
40 37 55
40 38 11
40 39 66
40 41 74
40 42 39
40 43 46
40 44 56
40 45 92
40 46 98
40 47 6
40 48 20
40 49 82
40 50 23
40 51 47
40 52 73
40 53 47
40 54 26
40 55 25
40 56 89
40 57 99
40 58 76
40 59 87
40 60 6
40 61 78
40 62 35
40 63 76
40 65 51
40 66 10
40 67 8
40 68 21
40 69 43
40 70 69
40 71 26
40 72 90
40 73 74
40 74 4
40 75 78
40 76 43
40 77 79
40 78 41
40 79 11
40 80 31
40 81 97
40 82 73
40 83 10
40 84 46
40 85 57
40 86 14
40 87 96
40 88 18
40 89 61
41 0 1
41 1 53
41 2 31
41 3 1
41 4 95
41 5 53
41 6 10
41 7 36
41 8 65
41 9 10
41 10 96
41 11 84
41 12 78
41 13 37
41 14 20
41 15 4
41 16 72
41 17 23
41 18 43
41 19 49
41 20 81
41 21 46
41 22 5
41 23 40
41 24 83
41 25 58
41 26 86
41 27 3
41 28 36
41 29 10
41 30 9
41 31 46
41 32 25
41 33 4
41 34 37
41 35 13
41 36 91
41 37 76
41 38 60
41 39 17
41 40 100
41 42 7
41 43 69
41 44 24
41 45 95
41 46 74
41 47 59
41 48 92
41 49 70
41 50 47
41 51 68
41 52 5
41 53 78
41 54 30
41 55 18
41 56 96
41 57 3
41 58 87
41 59 80
41 60 16
41 61 11
41 62 57
41 63 87
41 65 90
41 66 26
41 67 75
41 68 50
41 69 54
41 70 86
41 71 62
41 72 49
41 73 31
41 74 60
41 75 43
41 76 82
41 77 87
41 78 57
41 79 20
41 80 89
41 81 25
41 82 37
41 83 87
41 84 33
41 85 44
41 86 73
41 87 61
41 88 35
41 89 18
42 0 11
42 1 22
42 2 97
42 3 95
42 4 8
42 5 41
42 6 79
42 7 88
42 8 94
42 9 7
42 10 6
42 11 30
42 12 76
42 13 99
42 14 50
42 15 28
42 16 85
42 17 83
42 18 37
42 19 32
42 20 93
42 21 79
42 22 89
42 23 52
42 24 3
42 25 38
42 26 1
42 27 46
42 28 24
42 29 95
42 30 29
42 31 16
42 32 51
42 33 46
42 34 56
42 35 60
42 36 32
42 37 60
42 38 47
42 39 23
42 40 58
42 41 94
42 43 62
42 44 42
42 45 93
42 46 16
42 47 25
42 48 37
42 49 52
42 50 10
42 51 18
42 52 93
42 53 54
42 54 69
42 55 69
42 56 67
42 57 48
42 58 29
42 59 27
42 60 35
42 61 81
42 62 7
42 63 31
42 64 77
42 65 44
42 66 29
42 67 63
42 68 68
42 69 92
42 70 92
42 71 79
42 72 40
42 73 51
42 74 8
42 75 74
42 76 86
42 77 69
42 78 17
42 79 96
42 80 70
42 81 30
42 82 22
42 83 71
42 84 72
42 85 77
42 86 62
42 87 28
42 88 17
42 89 3
43 0 9
43 1 97
43 2 70
43 3 47
43 4 23
43 5 18
43 6 45
43 7 28
43 8 30
43 9 20
43 10 99
43 11 58
43 12 48
43 13 22
43 14 93
43 15 82
43 16 22
43 17 58
43 18 30
43 19 7
43 20 24
43 22 23
43 23 83
43 24 31
43 25 5
43 26 17
43 27 3
43 28 16
43 29 28
43 30 61
43 31 46
43 32 28
43 33 96
43 34 96
43 35 90
43 36 5
43 37 34
43 38 1
43 39 60
43 40 52
43 41 44
43 42 24
43 44 28
43 45 52
43 46 59
43 47 100
43 48 60
43 49 67
43 50 46
43 51 98
43 52 46
43 53 42
43 54 35
43 55 54
43 56 30
43 57 55
43 58 62
43 59 25
43 60 28
43 61 9
43 62 10
43 63 2
43 64 61
43 65 10
43 66 74
43 67 6
43 68 18
43 69 98
43 70 13
43 71 65
43 72 57
43 73 93
43 74 71
43 75 26
43 76 11
43 77 38
43 78 70
43 79 14
43 80 83
43 81 59
43 82 98
43 83 98
43 84 11
43 85 37
43 86 18
43 87 76
43 88 4
43 89 23
44 0 83
44 1 35
44 2 27
44 3 3
44 4 19
44 5 82
44 6 58
44 7 17
44 8 95
44 9 100
44 10 67
44 11 86
44 12 58
44 13 10
44 14 7
44 15 58
44 16 17
44 17 50
44 18 33
44 19 35
44 20 12
44 21 72
44 22 78
44 23 67
44 24 23
44 25 23
44 26 46
44 27 11
44 28 82
44 29 28
44 30 93
44 31 52
44 32 87
44 33 23
44 34 19
44 35 53
44 36 22
44 37 5
44 38 83
44 39 12
44 40 51
44 41 9
44 42 76
44 43 68
44 45 34
44 46 1
44 47 24
44 48 6
44 49 57
44 51 35
44 52 6
44 53 92
44 54 88
44 56 91
44 57 7
44 58 30
44 59 47
44 60 69
44 61 59
44 62 77
44 63 33
44 64 73
44 65 66
44 66 40
44 67 35
44 68 21
44 69 52
44 70 75
44 71 45
44 72 90
44 73 17
44 74 55
44 75 51
44 76 72
44 77 91
44 78 7
44 79 27
44 80 92
44 81 31
44 82 58
44 83 75
44 84 72
44 85 99
44 86 13
44 87 26
44 88 1
44 89 41
45 0 48
45 1 19
45 3 36
45 4 96
45 5 1
45 6 59
45 7 31
45 8 18
45 9 30
45 10 93
45 11 50
45 12 56
45 13 91
45 14 45
45 15 6
45 16 30
45 17 56
45 18 55
45 19 42
45 20 96
45 21 61
45 22 94
45 23 5
45 24 20
45 25 65
45 26 51
45 27 38
45 28 34
45 29 15
45 30 13
45 31 10
45 32 30
45 33 36
45 34 19
45 35 60
45 36 78
45 37 28
45 38 30
45 39 38
45 40 29
45 41 17
45 42 14
45 43 30
45 44 49
45 46 22
45 47 14
45 48 31
45 49 45
45 50 94
45 51 91
45 52 40
45 53 19
45 54 47
45 55 87
45 56 25
45 57 94
45 58 74
45 59 63
45 60 17
45 61 100
45 62 15
45 63 95
45 64 8
45 65 76
45 66 33
45 67 73
45 68 86
45 69 42
45 70 75
45 71 53
45 72 74
45 73 25
45 74 75
45 75 32
45 76 87
45 77 71
45 78 42
45 79 3
45 80 73
45 81 78
45 82 49
45 83 47
45 84 37
45 85 38
45 86 63
45 87 53
45 88 69
45 89 82
46 0 31
46 1 22
46 2 18
46 3 63
46 4 99
46 5 96
46 6 52
46 7 61
46 8 7
46 9 21
46 10 86
46 11 69
46 12 57
46 13 67
46 14 44
46 15 54
46 16 88
46 17 31
46 18 76
46 19 57
46 20 45
46 21 82
46 22 52
46 23 2
46 24 17
46 25 92
46 26 82
46 27 73
46 28 65
46 29 56
46 30 96
46 31 72
46 32 26
46 33 30
46 34 49
46 35 32
46 36 83
46 37 66
46 38 45
46 39 63
46 40 26
46 41 21
46 42 99
46 43 4
46 44 76
46 45 66
46 47 67
46 48 48
46 49 85
46 50 26
46 51 33
46 52 49
46 53 91
46 54 18
46 55 91
46 56 16
46 57 4
46 58 55
46 59 57
46 60 37
46 61 53
46 62 18
46 63 20
46 64 89
46 65 37
46 66 59
46 67 14
46 68 11
46 69 54
46 70 78
46 71 71
46 72 81
46 73 40
46 74 58
46 75 50
46 76 71
46 77 4
46 78 51
46 79 90
46 80 11
46 81 84
46 82 1
46 83 81
46 84 42
46 85 15
46 86 30
46 87 44
46 88 14
46 89 75
47 0 55
47 1 97
47 2 65
47 3 87
47 4 83
47 5 14
47 6 40
47 7 40
47 8 75
47 9 33
47 10 91
47 11 49
47 12 93
47 13 86
47 14 80
47 16 99
47 17 33
47 18 59
47 19 6
47 20 48
47 21 92
47 22 4
47 23 78
47 24 81
47 25 66
47 26 23
47 27 18
47 28 88
47 29 8
47 30 23
47 31 40
47 32 89
47 33 10
47 34 27
47 35 52
47 36 92
47 37 75
47 38 12
47 39 28
47 40 59
47 41 26
47 42 57
47 43 36
47 44 73
47 45 4
47 46 59
47 48 32
47 49 9
47 50 68
47 51 39
47 52 8
47 53 53
47 54 9
47 55 91
47 56 35
47 57 50
47 58 86
47 59 91
47 60 31
47 61 25
47 62 9
47 63 76
47 64 94
47 65 4
47 66 91
47 67 8
47 68 38
47 69 17
47 70 1
47 71 60
47 72 84
47 73 29
47 74 80
47 75 91
47 76 80
47 77 63
47 78 80
47 79 79
47 80 11
47 81 78
47 82 85
47 83 93
47 84 85
47 85 26
47 86 41
47 87 89
47 88 22
47 89 79
48 0 96
48 1 27
48 2 6
48 3 1
48 4 87
48 5 16
48 6 68
48 7 73
48 8 68
48 9 29
48 10 23
48 11 46
48 12 42
48 13 15
48 14 32
48 15 82
48 16 22
48 17 71
48 18 87
48 19 61
48 20 11
48 21 35
48 22 1
48 23 77
48 24 72
48 25 63
48 26 45
48 27 40
48 28 98
48 29 69
48 30 70
48 31 80
48 32 4
48 33 76
48 34 2
48 35 42
48 36 14
48 37 89
48 38 76
48 39 18
48 40 38
48 41 87
48 42 81
48 43 59
48 44 78
48 45 54
48 46 59
48 47 27
48 49 82
48 50 75
48 51 1
48 52 60
48 53 45
48 54 20
48 55 13
48 56 87
48 57 76
48 58 31
48 59 29
48 60 91
48 61 52
48 62 94
48 63 74
48 64 15
48 65 50
48 66 31
48 67 59
48 68 46
48 69 99
48 70 56
48 71 47
48 72 15
48 73 78
48 74 85
48 75 26
48 76 20
48 77 24
48 78 33
48 79 96
48 80 50
48 81 80
48 82 8
48 83 6
48 84 39
48 85 5
48 86 59
48 87 30
48 88 99
48 89 72
49 0 30
49 1 7
49 2 82
49 3 91
49 4 79
49 5 50
49 6 50
49 7 42
49 8 35
49 9 78
49 10 72
49 11 42
49 12 15
49 13 48
49 14 43
49 15 42
49 16 47
49 17 43
49 18 10
49 19 5
49 20 63
49 21 70
49 22 89
49 23 99
49 24 100
49 25 14
49 26 28
49 27 69
49 28 77
49 29 5
49 30 5
49 31 10
49 32 55
49 33 55
49 34 95
49 35 25
49 36 76
49 37 49
49 38 5
49 39 82
49 40 33
49 41 3
49 42 36
49 43 27
49 44 58
49 45 61
49 46 19
49 47 49
49 48 20
49 50 62
49 51 4
49 52 98
49 53 41
49 54 80
49 55 66
49 56 13
49 57 61
49 58 52
49 59 81
49 60 74
49 61 74
49 62 74
49 63 61
49 64 25
49 65 64
49 66 46
49 67 3
49 68 39
49 69 32
49 70 5
49 71 61
49 72 95
49 73 35
49 74 61
49 75 61
49 76 4
49 78 18
49 79 99
49 80 99
49 81 22
49 82 87
49 83 93
49 84 16
49 85 47
49 86 53
49 87 28
49 88 24
49 89 95
50 0 70
50 1 56
50 2 46
50 3 23
50 4 39
50 5 31
50 6 58
50 7 82
50 8 46
50 9 32
50 10 14
50 11 10
50 12 84
50 13 59
50 14 95
50 15 24
50 16 85
50 17 69
50 18 3
50 19 17
50 20 63
50 21 38
50 22 51
50 23 33
50 24 74
50 25 58
50 26 47
50 27 46
50 28 64
50 29 26
50 30 89
50 31 60
50 32 28
50 33 81
50 34 59
50 35 6
50 36 83
50 37 53
50 38 54
50 39 83
50 40 33
50 41 69
50 42 20
50 43 12
50 44 14
50 45 27
50 46 15
50 47 36
50 48 32
50 49 71
50 51 31
50 52 73
50 53 80
50 54 46
50 55 30
50 56 2
50 57 66
50 58 13
50 59 66
50 60 8
50 61 43
50 62 89
50 63 53
50 64 61
50 65 100
50 66 97
50 67 50
50 68 10
50 69 63
50 70 66
50 71 63
50 72 26
50 73 29
50 74 52
50 75 61
50 76 44
50 77 96
50 78 50
50 79 21
50 80 58
50 81 31
50 82 42
50 83 25
50 84 76
50 85 45
50 86 28
50 87 30
50 88 60
51 0 95
51 1 77
51 2 8
51 3 8
51 4 56
51 5 4
51 6 65
51 7 37
51 8 90
51 9 11
51 10 28
51 11 62
51 12 38
51 13 95
51 14 14
51 15 13
51 16 5
51 17 93
51 18 56
51 19 28
51 20 96
51 21 49
51 22 53
51 23 29
51 24 86
51 25 64
51 26 27
51 27 92
51 28 78
51 29 35
51 30 59
51 31 41
51 32 77
51 33 17
51 34 15
51 35 41
51 36 47
51 37 46
51 38 77
51 39 28
51 40 66
51 41 1
51 42 98
51 43 66
51 44 70
51 45 16
51 46 37
51 47 60
51 48 39
51 49 15
51 50 19
51 52 81
51 53 37
51 54 22
51 55 45
51 56 61
51 57 86
51 58 36
51 59 75
51 60 59
51 61 23
51 62 46
51 63 10
51 64 14
51 65 46
51 66 78
51 67 75
51 68 82
51 69 95
51 70 42
51 71 31
51 72 32
51 73 76
51 74 16
51 75 84
51 76 65
51 77 94
51 78 20
51 79 58
51 80 94
51 81 100
51 82 35
51 83 16
51 84 20
51 85 59
51 86 61
51 87 71
51 88 38
51 89 36
52 0 36
52 1 94
52 2 29
52 3 11
52 4 76
52 5 82
52 6 24
52 7 67
52 8 49
52 9 59
52 10 8
52 11 9
52 12 41
52 13 5
52 14 25
52 15 18
52 16 75
52 17 61
52 18 10
52 19 36
52 20 50
52 21 24
52 23 48
52 24 7
52 25 17
52 26 23
52 27 51
52 28 49
52 29 48
52 30 41
52 31 86
52 32 79
52 33 20
52 35 54
52 36 73
52 37 72
52 38 6
52 39 14
52 40 99
52 41 35
52 42 35
52 43 11
52 44 86
52 45 40
52 46 72
52 47 91
52 48 34
52 49 13
52 50 49
52 51 11
52 53 38
52 54 48
52 55 94
52 56 78
52 57 36
52 58 93
52 59 41
52 60 87
52 61 1
52 62 82
52 63 37
52 64 94
52 65 11
52 66 63
52 67 5
52 68 73
52 69 18
52 70 48
52 71 52
52 72 26
52 73 68
52 74 48
52 75 53
52 76 53
52 77 22
52 78 14
52 79 37
52 80 48
52 81 64
52 82 25
52 83 16
52 84 56
52 85 15
52 86 91
52 87 34
52 88 68
52 89 2
53 0 76
53 1 100
53 2 33
53 3 11
53 4 4
53 5 83
53 6 97
53 7 5
53 8 37
53 9 32
53 10 34
53 11 85
53 12 44
53 13 11
53 14 10
53 15 97
53 16 45
53 17 23
53 18 55
53 19 55
53 20 18
53 21 87
53 22 36
53 23 95
53 24 90
53 25 97
53 26 70
53 27 75
53 28 9
53 29 30
53 30 4
53 31 20
53 32 41
53 34 14
53 35 65
53 36 85
53 37 55
53 38 97
53 39 82
53 40 58
53 41 67
53 42 10
53 43 34
53 44 29
53 45 49
53 46 72
53 47 23
53 48 94
53 49 97
53 50 84
53 51 54
53 52 11
53 54 69
53 55 2
53 56 71
53 57 96
53 58 44
53 59 63
53 60 3
53 61 29
53 62 82
53 63 57
53 64 95
53 65 69
53 66 53
53 67 82
53 68 7
53 69 55
53 70 4
53 71 87
53 72 73
53 73 15
53 74 78
53 75 20
53 76 12
53 77 31
53 78 62
53 79 41
53 80 26
53 81 48
53 82 7
53 83 100
53 84 89
53 85 38
53 86 70
53 87 34
53 88 5
53 89 40
54 0 30
54 1 26
54 2 57
54 3 30
54 4 53
54 5 99
54 6 15
54 7 58
54 8 40
54 9 51
54 10 26
54 11 22
54 12 29
54 13 70
54 14 53
54 15 37
54 16 61
54 17 64
54 18 100
54 19 82
54 20 17
54 21 80
54 22 7
54 23 79
54 24 50
54 25 20
54 26 96
54 27 49
54 28 99
54 29 80
54 30 76
54 31 88
54 32 39
54 33 79
54 34 100
54 35 56
54 36 80
54 37 42
54 38 39
54 39 20
54 40 94
54 41 14
54 42 73
54 43 56
54 44 44
54 45 8
54 46 49
54 47 89
54 48 2
54 49 17
54 50 54
54 51 69
54 52 23
54 53 74
54 55 96
54 56 74
54 57 60
54 58 77
54 59 19
54 60 87
54 61 88
54 62 19
54 63 66
54 64 97
54 65 95
54 66 82
54 67 2
54 68 79
54 69 73
54 70 20
54 71 63
54 72 76
54 73 10
54 74 62
54 75 97
54 76 27
54 77 39
54 78 86
54 79 29
54 80 23
54 81 84
54 82 93
54 83 45
54 84 18
54 85 14
54 86 46
54 87 6
54 88 60
54 89 45
55 0 45
55 1 26
55 2 12
55 3 9
55 4 36
55 5 44
55 6 12
55 7 87
55 8 87
55 9 47
55 10 47
55 11 71
55 12 70
55 13 92
55 14 28
55 15 41
55 16 48
55 17 76
55 18 1
55 20 2
55 21 51
55 22 93
55 23 14
55 24 39
55 25 85
55 26 97
55 27 23
55 28 14
55 29 34
55 30 66
55 31 23
55 32 86
55 33 41
55 34 99
55 35 89
55 36 81
55 37 50
55 38 6
55 39 81
55 40 98
55 41 83
55 42 22
55 44 68
55 45 45
55 46 47
55 47 99
55 48 6
55 49 4
55 50 16
55 51 11
55 52 52
55 53 64
55 54 71
55 56 6
55 57 28
55 58 72
55 59 19
55 60 92
55 61 76
55 62 92
55 63 91
55 64 97
55 65 21
55 66 4
55 67 63
55 68 93
55 69 38
55 70 34
55 71 20
55 72 61
55 73 33
55 74 6
55 75 77
55 76 57
55 77 81
55 78 59
55 79 2
55 80 97
55 81 10
55 82 86
55 83 22
55 84 1
55 85 94
55 86 86
55 87 11
55 88 5
55 89 90
56 0 69
56 1 77
56 2 70
56 3 79
56 4 34
56 5 94
56 6 89
56 7 6
56 8 69
56 9 62
56 10 95
56 11 36
56 12 46
56 13 79
56 14 37
56 15 31
56 16 78
56 17 83
56 18 13
56 19 81
56 20 65
56 21 53
56 22 76
56 23 96
56 24 57
56 25 98
56 26 27
56 27 30
56 28 40
56 29 10
56 30 4
56 31 46
56 32 14
56 33 36
56 34 54
56 35 64
56 36 19
56 37 57
56 38 89
56 39 2
56 40 100
56 41 28
56 42 83
56 43 67
56 44 98
56 45 55
56 46 44
56 47 2
56 48 53
56 49 55
56 50 89
56 51 96
56 52 81
56 53 28
56 54 5
56 55 43
56 57 1
56 58 56
56 59 51
56 60 91
56 61 42
56 62 60
56 63 70
56 64 12
56 65 77
56 66 35
56 67 18
56 68 33
56 69 16
56 70 92
56 71 95
56 72 83
56 73 87
56 74 24
56 75 36
56 76 33
56 77 18
56 78 62
56 79 21
56 80 37
56 81 10
56 82 34
56 83 93
56 84 98
56 85 40
56 86 50
56 87 72
56 88 14
56 89 28
57 0 30
57 1 66
57 2 24
57 3 72
57 4 94
57 5 63
57 6 58
57 7 84
57 8 95
57 9 77
57 10 47
57 11 25
57 12 6
57 13 45
57 14 87
57 15 55
57 16 84
57 17 90
57 18 2
57 19 80
57 20 61
57 21 36
57 22 1
57 23 8
57 24 34
57 25 19
57 26 19
57 27 51
57 28 56
57 29 6
57 30 55
57 31 59
57 32 93
57 33 48
57 34 90
57 35 33
57 36 2
57 37 41
57 38 87
57 39 49
57 40 87
57 41 53
57 42 59
57 43 69
57 44 86
57 45 99
57 46 32
57 47 57
57 48 58
57 49 41
57 50 99
57 51 84
57 52 73
57 53 33
57 54 92
57 55 62
57 56 49
57 58 18
57 59 23
57 60 79
57 61 58
57 62 93
57 63 97
57 64 80
57 65 71
57 66 36
57 67 26
57 68 64
57 69 67
57 70 54
57 71 12
57 72 13
57 73 68
57 74 81
57 75 55
57 76 98
57 77 2
57 78 41
57 79 12
57 80 41
57 81 55
57 82 77
57 83 6
57 84 96
57 85 92
57 86 37
57 87 74
57 88 73
57 89 37
58 0 54
58 1 50
58 2 22
58 3 92
58 4 19
58 5 18
58 6 94
58 7 27
58 8 11
58 9 12
58 10 62
58 11 87
58 12 23
58 13 93
58 14 11
58 15 22
58 16 74
58 17 35
58 18 98
58 19 46
58 20 38
58 21 40
58 23 4
58 25 29
58 26 57
58 27 49
58 28 81
58 29 48
58 30 20
58 31 99
58 32 41
58 33 31
58 34 46
58 35 96
58 36 30
58 37 18
58 38 34
58 39 22
58 40 45
58 41 38
58 42 69
58 43 100
58 44 1
58 45 10
58 46 21
58 47 13
58 48 32
58 49 18
58 50 87
58 51 2
58 52 41
58 53 46
58 54 50
58 55 3
58 56 90
58 57 95
58 59 39
58 60 26
58 61 21
58 62 6
58 63 37
58 64 44
58 65 71
58 66 50
58 67 81
58 68 54
58 69 12
58 70 63
58 71 44
58 72 78
58 73 26
58 74 46
58 75 63
58 76 2
58 77 5
58 78 74
58 79 27
58 80 39
58 81 16
58 82 69
58 83 53
58 84 30
58 85 20
58 86 44
58 87 7
58 88 85
58 89 36
59 0 17
59 1 72
59 2 99
59 3 59
59 4 85
59 5 54
59 6 72
59 7 1
59 8 59
59 9 99
59 10 2
59 11 87
59 12 4
59 13 37
59 14 56
59 15 80
59 16 7
59 17 48
59 18 35
59 19 85
59 20 46
59 21 11
59 22 85
59 23 38
59 24 12
59 25 66
59 26 63
59 27 28
59 28 33
59 29 15
59 30 16
59 31 70
59 32 47
59 33 68
59 34 57
59 35 15
59 36 96
59 37 46
59 38 39
59 39 76
59 40 61
59 41 18
59 42 85
59 43 98
59 44 88
59 45 83
59 46 22
59 47 34
59 48 50
59 49 82
59 50 10
59 51 60
59 52 26
59 53 46
59 54 63
59 55 69
59 56 48
59 57 64
59 58 19
59 60 42
59 61 98
59 62 22
59 63 53
59 64 52
59 65 45
59 66 39
59 67 10
59 68 78
59 69 87
59 70 2
59 71 72
59 72 89
59 73 19
59 74 100
59 75 97
59 76 47
59 77 61
59 78 72
59 79 59
59 80 39
59 81 36
59 82 95
59 83 43
59 84 100
59 85 42
59 86 58
59 87 73
59 88 47
59 89 46
60 0 56
60 1 55
60 2 98
60 3 50
60 4 3
60 5 49
60 6 24
60 7 38
60 8 2
60 9 49
60 10 84
60 11 100
60 12 90
60 13 83
60 14 22
60 15 93
60 16 63
60 17 37
60 18 2
60 19 38
60 20 32
60 21 84
60 22 80
60 23 84
60 24 97
60 25 51
60 26 46
60 27 44
60 28 10
60 29 71
60 30 96
60 31 30
60 32 27
60 33 75
60 34 49
60 35 11
60 36 2
60 37 51
60 38 13
60 39 99
60 40 6
60 41 72
60 42 12
60 43 35
60 44 20
60 45 24
60 46 29
60 47 74
60 48 3
60 49 95
60 50 82
60 51 7
60 52 87
60 53 16
60 54 70
60 55 46
60 56 40
60 57 49
60 58 40
60 59 81
60 61 15
60 62 21
60 63 100
60 64 46
60 65 50
60 66 39
60 67 73
60 68 75
60 69 23
60 70 79
60 71 45
60 72 87
60 73 66
60 74 80
60 75 10
60 76 12
60 77 28
60 78 62
60 79 14
60 80 4
60 81 86
60 82 1
60 83 75
60 84 35
60 85 21
60 86 100
60 87 52
60 88 89
60 89 73
61 0 24
61 1 82
61 2 41
61 3 8
61 4 68
61 5 35
61 6 37
61 7 64
61 8 56
61 9 25
61 10 8
61 11 79
61 12 43
61 13 100
61 14 52
61 15 31
61 16 54
61 17 64
61 18 32
61 19 61
61 20 69
61 21 25
61 22 61
61 23 9
61 24 79
61 25 16
61 26 25
61 27 26
61 28 94
61 29 3
61 30 89
61 31 57
61 32 46
61 33 33
61 34 23
61 35 82
61 36 7
61 37 67
61 38 52
61 39 95
61 40 31
61 41 63
61 42 3
61 43 27
61 44 3
61 45 36
61 46 57
61 47 42
61 48 97
61 49 8
61 50 77
61 51 95
61 52 7
61 53 73
61 54 15
61 55 7
61 56 39
61 57 67
61 58 40
61 59 42
61 60 32
61 62 49
61 63 36
61 64 31
61 65 34
61 66 66
61 67 79
61 68 10
61 69 25
61 70 10
61 71 55
61 72 51
61 73 94
61 74 41
61 75 3
61 76 67
61 77 66
61 78 25
61 79 93
61 80 90
61 81 40
61 82 45
61 83 90
61 84 81
61 85 16
61 86 84
61 87 47
61 88 45
61 89 1
62 0 53
62 1 100
62 2 93
62 3 70
62 4 89
62 5 48
62 6 74
62 7 64
62 8 48
62 9 31
62 10 57
62 11 60
62 12 22
62 13 93
62 14 68
62 15 73
62 16 63
62 17 26
62 18 30
62 19 6
62 20 1
62 21 49
62 22 36
62 23 10
62 24 54
62 25 41
62 26 60
62 27 54
62 28 100
62 29 27
62 30 95
62 31 37
62 32 35
62 33 52
62 34 96
62 35 73
62 36 1
62 37 7
62 38 11
62 39 94
62 40 95
62 41 49
62 42 17
62 43 22
62 44 83
62 45 30
62 46 9
62 47 60
62 48 7
62 49 29
62 50 95
62 51 41
62 52 76
62 53 92
62 54 68
62 55 23
62 56 91
62 57 11
62 58 58
62 59 97
62 60 58
62 61 10
62 63 13
62 64 72
62 65 46
62 66 60
62 67 35
62 68 8
62 69 69
62 70 44
62 71 48
62 72 6
62 73 60
62 74 51
62 75 52
62 76 35
62 77 2
62 78 100
62 79 98
62 80 26
62 81 86
62 82 78
62 83 30
62 84 15
62 85 65
62 86 52
62 87 16
62 88 17
62 89 14
63 0 56
63 1 66
63 2 18
63 3 9
63 4 79
63 5 99
63 6 81
63 7 8
63 8 96
63 9 56
63 10 41
63 11 40
63 12 83
63 13 74
63 14 67
63 15 96
63 16 53
63 17 68
63 18 74
63 19 83
63 20 95
63 21 60
63 22 46
63 23 60
63 24 87
63 25 3
63 26 70
63 27 96
63 28 94
63 29 78
63 30 78
63 31 61
63 32 38
63 33 19
63 34 59
63 35 55
63 36 65
63 37 12
63 38 41
63 39 29
63 40 9
63 41 70
63 42 24
63 43 89
63 44 45
63 45 13
63 46 93
63 47 79
63 48 54
63 49 37
63 50 74
63 51 2
63 52 28
63 53 70
63 54 28
63 55 98
63 56 12
63 57 96
63 58 72
63 59 1
63 60 76
63 61 49
63 62 46
63 64 34
63 65 75
63 66 83
63 67 87
63 68 34
63 69 100
63 70 90
63 71 70
63 72 90
63 74 59
63 75 58
63 76 26
63 77 23
63 78 66
63 79 75
63 80 30
63 81 33
63 82 27
63 83 35
63 84 8
63 85 69
63 86 82
63 87 73
63 88 15
63 89 73
64 0 35
64 1 25
64 2 27
64 3 37
64 4 39
64 5 6
64 6 42
64 7 20
64 8 16
64 9 90
64 10 29
64 11 64
64 12 62
64 13 65
64 14 67
64 15 85
64 16 14
64 17 82
64 18 20
64 19 73
64 20 31
64 21 49
64 22 100
64 23 99
64 24 81
64 25 39
64 26 9
64 27 16
64 28 67
64 29 49
64 30 70
64 31 24
64 32 65
64 33 63
64 34 91
64 35 69
64 36 30
64 37 15
64 38 61
64 39 40
64 40 64
64 41 68
64 42 41
64 43 64
64 44 65
64 45 61
64 46 31
64 47 88
64 48 44
64 49 66
64 50 29
64 51 53
64 52 25
64 53 47
64 54 94
64 55 50
64 56 55
64 57 40
64 58 100
64 59 48
64 60 56
64 61 48
64 62 90
64 63 71
64 65 83
64 66 44
64 67 46
64 68 58
64 69 47
64 70 84
64 71 37
64 72 33
64 73 49
64 74 58
64 75 54
64 76 46
64 77 27
64 78 81
64 79 6
64 80 11
64 81 53
64 82 73
64 83 52
64 84 23
64 85 50
64 86 71
64 87 71
64 88 56
64 89 69
65 0 52
65 1 90
65 2 79
65 3 20
65 4 29
65 5 67
65 6 52
65 7 43
65 8 26
65 9 86
65 10 95
65 11 53
65 12 71
65 13 23
65 14 56
65 15 12
65 16 65
65 17 49
65 18 68
65 19 2
65 20 66
65 21 92
65 22 81
65 23 69
65 24 74
65 25 3
65 26 16
65 27 55
65 28 61
65 29 96
65 30 1
65 31 55
65 32 64
65 33 70
65 34 83
65 35 24
65 36 1
65 37 20
65 38 21
65 39 2
65 40 77
65 41 34
65 42 10
65 43 32
65 44 37
65 45 36
65 46 32
65 47 28
65 48 98
65 49 32
65 50 30
65 51 10
65 52 59
65 53 15
65 54 60
65 55 39
65 56 5
65 57 2
65 58 84
65 59 37
65 60 8
65 61 90
65 62 83
65 63 53
65 64 48
65 66 94
65 67 41
65 68 18
65 69 6
65 70 87
65 71 29
65 72 44
65 73 70
65 74 93
65 75 2
65 76 94
65 77 44
65 78 96
65 79 71
65 80 33
65 81 45
65 82 45
65 83 71
65 84 92
65 85 2
65 86 7
65 87 47
65 88 45
66 0 75
66 1 29
66 2 33
66 3 12
66 4 14
66 5 84
66 6 67
66 7 86
66 8 59
66 9 77
66 10 63
66 11 12
66 12 66
66 13 6
66 14 52
66 15 28
66 16 68
66 17 18
66 18 48
66 19 47
66 20 66
66 21 9
66 22 62
66 23 76
66 24 55
66 25 54
66 26 50
66 27 71
66 28 78
66 29 10
66 30 43
66 31 37
66 32 24
66 33 59
66 34 84
66 35 19
66 36 91
66 37 31
66 38 48
66 39 99
66 40 19
66 41 22
66 42 56
66 43 67
66 44 56
66 45 57
66 46 26
66 47 78
66 48 8
66 49 38
66 50 98
66 51 45
66 52 61
66 53 27
66 54 97
66 55 58
66 56 5
66 57 93
66 58 18
66 59 96
66 60 77
66 61 77
66 62 81
66 63 56
66 64 100
66 65 12
66 67 65
66 68 22
66 69 89
66 70 90
66 71 11
66 72 52
66 73 47
66 74 99
66 75 41
66 76 2
66 77 16
66 78 98
66 79 85
66 80 27
66 81 45
66 82 65
66 83 5
66 84 4
66 85 29
66 86 47
66 87 97
66 88 18
66 89 32
67 0 78
67 1 24
67 2 6
67 3 41
67 4 32
67 5 29
67 6 3
67 7 16
67 8 14
67 9 24
67 10 53
67 11 22
67 12 59
67 13 11
67 14 11
67 15 14
67 16 57
67 17 38
67 18 1
67 19 5
67 20 94
67 21 30
67 22 73
67 23 55
67 24 19
67 25 42
67 26 39
67 27 98
67 28 50
67 29 14
67 30 78
67 31 63
67 32 21
67 33 57
67 34 75
67 35 77
67 36 61
67 37 72
67 38 60
67 39 53
67 40 90
67 41 60
67 42 49
67 43 14
67 44 47
67 45 44
67 46 24
67 47 70
67 48 1
67 49 6
67 50 53
67 51 42
67 52 82
67 53 2
67 54 83
67 55 75
67 56 60
67 57 43
67 58 23
67 59 89
67 60 67
67 61 44
67 62 50
67 63 74
67 64 62
67 65 40
67 66 51
67 68 36
67 69 48
67 70 26
67 71 58
67 72 19
67 73 9
67 74 98
67 75 49
67 76 83
67 77 13
67 78 25
67 79 9
67 80 21
67 81 51
67 82 24
67 83 76
67 84 65
67 85 97
67 86 92
67 87 81
67 88 20
67 89 87
68 0 39
68 1 25
68 2 23
68 3 87
68 4 83
68 5 57
68 6 67
68 7 27
68 8 41
68 9 62
68 10 93
68 11 4
68 12 19
68 13 23
68 14 8
68 15 47
68 16 50
68 17 41
68 18 46
68 19 53
68 20 62
68 21 8
68 22 83
68 23 43
68 24 38
68 25 46
68 26 74
68 27 90
68 28 18
68 29 63
68 30 54
68 31 49
68 32 9
68 33 21
68 34 57
68 35 51
68 36 35
68 37 92
68 38 39
68 39 84
68 40 53
68 41 53
68 42 85
68 43 29
68 44 39
68 45 54
68 46 11
68 47 65
68 48 85
68 49 11
68 50 47
68 51 75
68 52 33
68 53 95
68 54 81
68 55 71
68 56 87
68 57 36
68 58 100
68 59 17
68 60 68
68 61 5
68 62 23
68 63 6
68 64 82
68 65 91
68 66 5
68 67 7
68 69 79
68 70 61
68 71 93
68 72 1
68 73 29
68 74 12
68 75 37
68 76 11
68 77 67
68 78 71
68 79 89
68 80 22
68 81 89
68 82 2
68 83 83
68 84 31
68 85 65
68 86 60
68 87 48
68 88 31
68 89 37
69 0 72
69 1 30
69 2 77
69 3 42
69 4 5
69 5 93
69 6 100
69 7 87
69 8 2
69 9 92
69 10 95
69 11 10
69 12 9
69 13 94
69 14 37
69 15 17
69 16 78
69 17 27
69 18 83
69 19 30
69 20 68
69 21 100
69 22 17
69 23 1
69 24 30
69 25 55
69 26 51
69 27 39
69 28 29
69 29 67
69 30 15
69 31 81
69 32 35
69 33 4
69 34 53
69 35 84
69 36 75
69 37 32
69 38 24
69 39 32
69 40 63
69 41 13
69 42 97
69 43 97
69 44 61
69 45 47
69 46 93
69 47 84
69 48 72
69 49 77
69 50 14
69 51 80
69 52 31
69 53 87
69 54 18
69 55 59
69 56 50
69 57 4
69 58 75
69 59 43
69 60 62
69 61 42
69 62 32
69 63 45
69 64 88
69 65 95
69 66 20
69 67 69
69 68 82
69 70 65
69 71 37
69 72 50
69 73 66
69 74 97
69 75 32
69 76 64
69 77 10
69 78 72
69 79 66
69 80 52
69 81 49
69 82 13
69 83 74
69 84 65
69 85 84
69 86 54
69 88 31
69 89 81
70 0 22
70 1 6
70 2 87
70 3 27
70 4 74
70 5 93
70 6 58
70 7 87
70 8 95
70 9 40
70 10 86
70 11 10
70 12 79
70 13 13
70 14 66
70 15 11
70 16 5
70 17 57
70 18 67
70 19 61
70 20 75
70 21 61
70 22 72
70 23 16
70 24 2
70 25 44
70 26 7
70 27 21
70 28 47
70 29 8
70 30 57
70 31 12
70 32 48
70 33 72
70 34 19
70 35 9
70 36 88
70 37 68
70 38 93
70 39 25
70 40 93
70 41 56
70 42 83
70 43 45
70 44 72
70 45 76
70 46 94
70 47 84
70 48 72
70 49 66
70 50 4
70 51 97
70 52 29
70 53 82
70 54 38
70 55 81
70 56 46
70 57 95
70 58 2
70 59 28
70 60 11
70 61 33
70 62 92
70 63 48
70 64 45
70 65 24
70 66 30
70 67 35
70 68 45
70 69 96
70 71 85
70 72 56
70 73 59
70 74 34
70 75 93
70 76 25
70 77 73
70 79 73
70 80 8
70 81 10
70 82 48
70 83 97
70 84 74
70 85 10
70 86 54
70 87 68
70 88 72
70 89 14
71 0 33
71 1 68
71 2 26
71 3 60
71 4 29
71 6 29
71 7 75
71 8 92
71 9 81
71 10 75
71 11 61
71 12 38
71 13 88
71 14 48
71 15 25
71 16 27
71 17 3
71 18 50
71 19 87
71 20 78
71 21 77
71 22 100
71 23 20
71 24 94
71 25 68
71 27 47
71 28 26
71 29 82
71 30 91
71 31 11
71 32 25
71 33 59
71 34 6
71 35 31
71 36 88
71 37 32
71 38 2
71 39 67
71 40 92
71 41 46
71 42 36
71 43 84
71 44 96
71 45 100
71 46 75
71 47 62
71 48 69
71 49 25
71 50 85
71 51 93
71 52 98
71 53 20
71 54 78
71 55 39
71 56 19
71 57 72
71 58 79
71 59 95
71 60 54
71 61 98
71 62 100
71 63 29
71 64 90
71 65 85
71 66 19
71 67 50
71 68 34
71 69 48
71 70 99
71 72 82
71 73 25
71 74 91
71 75 52
71 76 52
71 77 45
71 78 14
71 79 28
71 80 88
71 81 80
71 82 11
71 83 51
71 84 56
71 85 18
71 86 38
71 87 66
71 88 64
71 89 35
72 0 68
72 1 37
72 2 79
72 3 21
72 4 67
72 5 75
72 6 52
72 7 42
72 8 75
72 9 2
72 10 24
72 11 85
72 12 50
72 13 39
72 14 69
72 15 21
72 17 85
72 18 18
72 19 67
72 20 91
72 21 49
72 22 46
72 23 85
72 24 64
72 25 21
72 26 52
72 27 53
72 28 79
72 29 95
72 30 9
72 31 55
72 32 20
72 33 55
72 34 22
72 35 83
72 36 17
72 37 27
72 38 57
72 39 17
72 40 85
72 41 71
72 42 40
72 43 22
72 44 31
72 45 5
72 46 70
72 47 38
72 48 30
72 49 33
72 50 42
72 51 98
72 52 81
72 53 91
72 54 36
72 55 25
72 56 94
72 57 5
72 58 29
72 59 34
72 60 49
72 61 50
72 62 85
72 63 97
72 64 91
72 65 90
72 66 49
72 67 93
72 68 34
72 69 96
72 70 26
72 71 5
72 73 5
72 74 14
72 75 61
72 76 66
72 77 3
72 78 2
72 79 98
72 80 75
72 81 72
72 82 86
72 83 40
72 84 62
72 85 23
72 86 22
72 87 99
72 88 84
72 89 30
73 0 73
73 1 29
73 2 44
73 3 1
73 4 66
73 5 8
73 6 86
73 7 86
73 8 18
73 9 90
73 10 54
73 11 68
73 12 23
73 13 22
73 14 33
73 15 3
73 16 47
73 17 17
73 18 19
73 19 64
73 20 87
73 21 77
73 22 7
73 23 74
73 24 41
73 25 69
73 26 18
73 27 38
73 28 19
73 29 71
73 30 24
73 31 53
73 32 32
73 33 10
73 34 79
73 35 4
73 37 78
73 38 72
73 39 82
73 40 66
73 41 24
73 42 24
73 43 93
73 44 94
73 45 59
73 46 37
73 47 48
73 48 8
73 49 25
73 50 51
73 51 21
73 52 7
73 53 2
73 54 47
73 55 88
73 56 69
73 57 59
73 58 83
73 59 79
73 60 52
73 61 61
73 62 58
73 63 77
73 64 14
73 65 75
73 66 23
73 67 33
73 68 45
73 69 95
73 70 68
73 71 34
73 72 40
73 74 7
73 75 6
73 76 23
73 77 17
73 78 82
73 79 17
73 80 84
73 81 29
73 82 46
73 84 99
73 85 70
73 86 29
73 87 84
73 88 19
73 89 89
74 0 19
74 1 85
74 2 70
74 3 29
74 4 4
74 5 50
74 6 22
74 7 92
74 8 75
74 9 21
74 10 20
74 11 38
74 12 83
74 13 13
74 14 30
74 15 25
74 16 62
74 17 23
74 18 5
74 19 43
74 20 21
74 21 11
74 22 59
74 23 67
74 24 80
74 25 72
74 26 4
74 27 74
74 28 98
74 29 8
74 30 84
74 31 97
74 32 4
74 33 85
74 34 70
74 35 75
74 37 26
74 38 75
74 39 79
74 40 29
74 41 91
74 42 52
74 44 42
74 45 3
74 46 7
74 47 20
74 48 7
74 49 81
74 50 95
74 51 75
74 52 63
74 53 71
74 54 28
74 55 99
74 56 95
74 58 61
74 59 24
74 60 71
74 61 94
74 62 74
74 63 37
74 65 84
74 66 33
74 67 3
74 68 32
74 69 96
74 70 96
74 71 3
74 72 70
74 73 97
74 75 26
74 76 12
74 77 5
74 78 65
74 79 9
74 80 63
74 81 64
74 82 68
74 83 38
74 84 22
74 85 36
74 86 80
74 87 32
74 88 99
74 89 87
75 0 18
75 1 43
75 2 55
75 3 78
75 4 48
75 5 82
75 6 80
75 7 61
75 8 98
75 9 36
75 10 34
75 11 98
75 12 22
75 13 79
75 14 82
75 15 93
75 16 75
75 17 97
75 18 54
75 19 93
75 20 33
75 21 26
75 22 33
75 23 85
75 24 20
75 25 54
75 26 12
75 27 72
75 28 20
75 29 26
75 30 69
75 31 34
75 32 30
75 33 4
75 34 55
75 35 49
75 36 3
75 37 13
75 38 9
75 39 63
75 40 16
75 41 10
75 42 39
75 43 31
75 44 47
75 45 91
75 46 97
75 47 88
75 48 78
75 49 51
75 50 2
75 51 27
75 52 28
75 53 16
75 54 77
75 55 96
75 56 1
75 57 50
75 58 96
75 59 20
75 60 33
75 61 29
75 62 16
75 63 20
75 64 36
75 65 42
75 66 40
75 67 44
75 68 30
75 69 93
75 70 99
75 71 38
75 72 65
75 73 8
75 74 85
75 76 50
75 77 11
75 78 81
75 79 99
75 80 22
75 81 40
75 82 53
75 83 97
75 84 7
75 85 44
75 86 96
75 87 1
75 88 13
75 89 27
76 0 100
76 1 20
76 2 91
76 3 67
76 4 86
76 5 84
76 6 39
76 7 63
76 8 22
76 9 73
76 10 32
76 11 22
76 12 19
76 13 48
76 14 100
76 15 81
76 16 20
76 17 43
76 18 38
76 19 90
76 20 29
76 21 8
76 22 99
76 23 42
76 24 2
76 25 83
76 26 64
76 27 4
76 28 97
76 29 67
76 30 84
76 31 60
76 32 2
76 33 6
76 34 50
76 35 34
76 36 79
76 37 19
76 38 81
76 39 97
76 40 79
76 41 71
76 42 96
76 43 68
76 44 91
76 45 36
76 46 67
76 47 12
76 48 25
76 49 38
76 50 11
76 51 56
76 52 80
76 53 7
76 54 78
76 55 46
76 56 22
76 57 10
76 58 54
76 59 91
76 60 38
76 61 31
76 62 3
76 63 79
76 64 60
76 65 76
76 66 39
76 67 12
76 68 40
76 69 92
76 70 61
76 71 84
76 72 73
76 73 81
76 74 89
76 75 55
76 77 91
76 78 74
76 79 95
76 80 81
76 81 16
76 82 43
76 83 53
76 84 5
76 85 94
76 86 74
76 87 17
76 88 11
76 89 21
77 0 74
77 1 64
77 2 99
77 3 56
77 4 87
77 5 72
77 6 31
77 7 15
77 8 66
77 9 34
77 10 70
77 11 81
77 12 77
77 13 28
77 14 40
77 15 54
77 16 99
77 17 90
77 18 80
77 19 15
77 20 38
77 21 73
77 22 43
77 23 44
77 24 22
77 25 40
77 26 40
77 27 90
77 28 40
77 29 98
77 30 8
77 31 44
77 32 66
77 33 70
77 34 55
77 35 93
77 36 41
77 37 30
77 38 31
77 39 21
77 40 99
77 41 58
77 42 29
77 43 92
77 44 24
77 45 7
77 46 52
77 47 19
77 48 66
77 49 38
77 50 21
77 51 70
77 52 76
77 53 61
77 54 42
77 55 24
77 56 23
77 57 49
77 58 1
77 59 31
77 60 38
77 61 72
77 62 46
77 63 84
77 64 6
77 65 25
77 66 25
77 67 5
77 68 23
77 69 17
77 71 45
77 72 22
77 73 94
77 74 100
77 75 92
77 76 58
77 78 2
77 79 57
77 80 61
77 81 42
77 83 65
77 84 12
77 85 29
77 86 48
77 87 72
77 88 31
77 89 15
78 0 9
78 1 67
78 2 17
78 3 7
78 4 33
78 5 15
78 6 30
78 7 37
78 8 40
78 9 19
78 10 50
78 11 42
78 12 91
78 13 3
78 14 52
78 15 9
78 16 85
78 17 77
78 18 98
78 19 68
78 20 61
78 21 81
78 22 4
78 23 48
78 24 25
78 25 80
78 26 23
78 27 92
78 28 93
78 29 87
78 30 7
78 31 32
78 32 59
78 33 24
78 34 91
78 35 17
78 36 10
78 37 14
78 38 2
78 39 5
78 40 63
78 41 81
78 42 20
78 43 62
78 44 18
78 45 97
78 46 18
78 47 19
78 48 75
78 49 9
78 50 21
78 51 41
78 52 71
78 53 8
78 54 7
78 55 14
78 56 40
78 57 12
78 58 92
78 59 10
78 60 26
78 61 82
78 62 23
78 63 97
78 64 12
78 65 76
78 66 37
78 67 28
78 68 100
78 69 16
78 70 8
78 71 26
78 72 42
78 73 78
78 74 72
78 75 62
78 76 80
78 77 92
78 79 48
78 80 86
78 81 71
78 82 20
78 83 16
78 84 85
78 85 34
78 87 86
78 88 98
78 89 1
79 0 15
79 1 89
79 2 19
79 3 49
79 4 78
79 5 90
79 6 44
79 7 63
79 8 86
79 9 67
79 10 37
79 11 60
79 12 46
79 13 77
79 14 36
79 15 61
79 16 22
79 17 99
79 19 88
79 20 53
79 21 21
79 22 38
79 23 35
79 24 81
79 25 19
79 26 79
79 27 25
79 28 20
79 29 12
79 30 54
79 31 42
79 33 69
79 34 65
79 35 1
79 36 78
79 37 67
79 38 57
79 39 18
79 40 97
79 41 80
79 42 32
79 43 92
79 44 40
79 45 50
79 46 54
79 47 82
79 48 23
79 49 67
79 50 30
79 51 87
79 52 52
79 53 15
79 54 93
79 55 53
79 56 41
79 57 61
79 58 83
79 59 79
79 60 91
79 61 12
79 62 52
79 63 5
79 64 3
79 65 80
79 66 54
79 67 94
79 68 38
79 69 59
79 70 75
79 71 75
79 72 79
79 73 3
79 74 37
79 75 91
79 76 71
79 77 40
79 78 49
79 80 21
79 81 70
79 82 8
79 83 54
79 84 79
79 85 40
79 86 98
79 87 75
79 88 36
79 89 36
80 0 64
80 1 84
80 2 56
80 3 79
80 4 52
80 5 62
80 6 38
80 7 19
80 8 31
80 9 41
80 10 90
80 11 20
80 12 10
80 13 72
80 14 14
80 15 65
80 16 29
80 17 48
80 18 33
80 19 17
80 20 71
80 21 22
80 22 73
80 23 98
80 24 15
80 25 19
80 26 100
80 27 67
80 28 76
80 29 31
80 30 71
80 31 44
80 32 55
80 33 96
80 34 22
80 35 89
80 36 55
80 37 74
80 38 25
80 39 74
80 40 12
80 41 64
80 42 46
80 43 14
80 44 67
80 45 94
80 46 36
80 47 96
80 48 45
80 49 9
80 50 77
80 51 30
80 52 90
80 53 19
80 54 46
80 55 56
80 56 22
80 57 48
80 58 7
80 59 15
80 60 3
80 61 27
80 62 15
80 63 41
80 64 51
80 65 56
80 66 17
80 67 94
80 68 41
80 69 48
80 70 89
80 71 23
80 72 27
80 73 1
80 74 17
80 76 98
80 77 19
80 78 8
80 79 64
80 81 69
80 82 86
80 83 95
80 84 43
80 85 58
80 86 69
80 87 52
80 88 24
81 0 74
81 1 50
81 2 86
81 3 31
81 4 69
81 5 45
81 6 50
81 7 58
81 8 8
81 9 80
81 10 63
81 11 79
81 12 25
81 13 36
81 14 73
81 15 98
81 16 57
81 17 94
81 18 48
81 19 39
81 20 69
81 21 5
81 22 54
81 23 28
81 24 70
81 25 15
81 26 70
81 27 93
81 28 97
81 29 4
81 30 63
81 31 91
81 32 75
81 33 53
81 34 6
81 35 65
81 36 89
81 37 49
81 38 54
81 39 21
81 40 31
81 41 72
81 42 95
81 43 28
81 44 85
81 45 10
81 46 60
81 47 90
81 48 61
81 49 30
81 50 28
81 51 10
81 52 62
81 53 6
81 54 9
81 55 71
81 56 72
81 57 17
81 58 1
81 59 70
81 60 7
81 61 1
81 62 51
81 63 1
81 64 7
81 65 51
81 66 57
81 67 63
81 68 3
81 69 61
81 70 9
81 71 96
81 72 32
81 73 83
81 74 56
81 75 61
81 76 32
81 77 53
81 78 35
81 79 13
81 80 14
81 82 29
81 83 22
81 84 41
81 85 7
81 86 59
81 87 52
81 88 54
81 89 36
82 0 92
82 1 18
82 2 81
82 3 83
82 5 53
82 6 72
82 7 61
82 8 89
82 9 59
82 10 9
82 11 3
82 12 12
82 13 5
82 14 2
82 15 12
82 16 78
82 17 83
82 18 46
82 19 49
82 20 84
82 21 2
82 22 45
82 23 60
82 24 11
82 25 53
82 26 48
82 27 54
82 28 35
82 29 41
82 30 44
82 31 52
82 32 74
82 33 18
82 34 48
82 35 98
82 36 75
82 37 16
82 38 50
82 39 60
82 40 26
82 41 39
82 42 86
82 43 89
82 44 69
82 45 10
82 46 37
82 47 34
82 48 51
82 49 10
82 50 50
82 51 63
82 52 30
82 53 28
82 54 81
82 55 86
82 56 19
82 57 12
82 58 46
82 59 39
82 60 98
82 61 51
82 62 15
82 63 22
82 64 34
82 65 53
82 66 97
82 67 2
82 68 81
82 69 47
82 70 67
82 71 9
82 72 84
82 73 16
82 74 26
82 75 85
82 76 84
82 77 37
82 78 76
82 79 43
82 80 75
82 81 93
82 83 88
82 84 1
82 85 55
82 86 8
82 87 47
82 88 55
82 89 27
83 0 77
83 1 16
83 2 87
83 3 80
83 4 11
83 5 42
83 6 27
83 7 99
83 8 19
83 10 17
83 11 47
83 12 97
83 13 100
83 14 61
83 15 7
83 16 42
83 17 58
83 18 18
83 19 79
83 20 27
83 21 13
83 22 83
83 23 57
83 24 96
83 25 2
83 26 61
83 27 55
83 28 53
83 29 57
83 30 97
83 31 22
83 32 3
83 33 71
83 34 43
83 35 45
83 36 19
83 37 94
83 38 42
83 39 62
83 40 17
83 41 70
83 42 92
83 43 43
83 44 8
83 45 6
83 46 6
83 47 23
83 48 18
83 49 29
83 50 14
83 51 77
83 52 34
83 53 21
83 54 54
83 55 22
83 56 74
83 57 27
83 58 24
83 59 88
83 60 33
83 61 57
83 62 60
83 63 4
83 64 35
83 65 37
83 66 78
83 67 18
83 68 81
83 69 87
83 70 61
83 71 70
83 72 24
83 73 8
83 74 90
83 75 88
83 76 86
83 77 26
83 78 34
83 79 82
83 80 11
83 81 7
83 82 14
83 84 79
83 85 32
83 86 1
83 87 97
83 88 25
83 89 29
84 0 63
84 1 35
84 2 37
84 3 88
84 4 94
84 5 6
84 6 12
84 7 76
84 8 11
84 9 30
84 10 41
84 11 23
84 12 59
84 13 22
84 14 61
84 15 21
84 16 10
84 17 72
84 18 73
84 19 46
84 20 19
84 21 13
84 22 2
84 23 58
84 24 70
84 25 62
84 26 27
84 27 49
84 28 74
84 29 92
84 30 34
84 31 50
84 32 88
84 33 32
84 34 43
84 35 84
84 36 50
84 37 86
84 38 65
84 39 21
84 40 2
84 41 53
84 42 36
84 43 26
84 44 61
84 45 57
84 46 96
84 47 75
84 48 68
84 49 94
84 50 85
84 51 32
84 52 11
84 53 56
84 54 60
84 55 10
84 56 95
84 57 66
84 58 1
84 59 64
84 60 22
84 61 92
84 62 53
84 63 69
84 64 66
84 65 90
84 66 5
84 67 87
84 68 23
84 69 17
84 70 47
84 71 27
84 72 32
84 73 100
84 74 6
84 75 12
84 76 30
84 77 85
84 78 94
84 79 12
84 80 79
84 81 98
84 82 44
84 83 78
84 85 41
84 86 40
84 87 27
84 89 78
85 0 9
85 1 85
85 2 86
85 3 64
85 4 71
85 5 14
85 6 85
85 7 63
85 8 79
85 9 12
85 10 49
85 11 57
85 12 3
85 13 78
85 14 83
85 15 13
85 16 72
85 17 46
85 18 90
85 19 93
85 20 52
85 21 22
85 22 81
85 23 62
85 24 14
85 25 99
85 26 13
85 27 45
85 28 27
85 29 85
85 30 81
85 31 95
85 32 24
85 33 45
85 34 54
85 35 12
85 36 66
85 37 86
85 38 37
85 39 7
85 40 29
85 41 16
85 42 19
85 43 44
85 44 8
85 45 49
85 46 21
85 47 18
85 48 90
85 49 36
85 50 25
85 51 75
85 52 46
85 53 13
85 54 71
85 55 4
85 57 65
85 58 85
85 59 68
85 60 30
85 61 23
85 62 56
85 63 40
85 64 10
85 65 30
85 66 3
85 67 62
85 68 32
85 69 28
85 70 41
85 71 68
85 72 94
85 73 91
85 74 26
85 75 2
85 76 93
85 77 34
85 78 17
85 79 66
85 80 68
85 81 36
85 82 68
85 83 5
85 84 78
85 86 91
85 87 92
85 88 93
85 89 36
86 0 60
86 1 31
86 2 65
86 3 44
86 4 83
86 5 44
86 6 24
86 7 47
86 8 2
86 9 92
86 10 30
86 11 58
86 12 71
86 13 93
86 14 43
86 15 97
86 16 56
86 17 40
86 18 21
86 19 14
86 20 5
86 21 16
86 22 55
86 23 14
86 24 69
86 25 78
86 26 42
86 27 64
86 28 33
86 29 23
86 30 20
86 31 89
86 32 100
86 33 17
86 34 52
86 35 39
86 36 88
86 37 49
86 38 71
86 39 60
86 40 50
86 41 87
86 42 36
86 43 17
86 44 35
86 45 47
86 46 2
86 47 16
86 48 21
86 49 66
86 50 99
86 51 73
86 52 32
86 53 41
86 54 2
86 55 16
86 56 12
86 57 10
86 58 57
86 59 75
86 60 82
86 61 73
86 62 30
86 63 47
86 64 91
86 65 5
86 66 57
86 67 61
86 68 80
86 69 11
86 70 51
86 72 53
86 73 47
86 74 18
86 75 37
86 76 78
86 77 29
86 78 79
86 79 39
86 80 78
86 81 71
86 82 75
86 83 78
86 84 99
86 85 3
86 87 78
86 88 9
86 89 20
87 0 96
87 1 67
87 2 85
87 3 54
87 4 38
87 5 100
87 6 90
87 7 8
87 8 87
87 9 31
87 10 23
87 12 80
87 13 66
87 14 48
87 15 66
87 16 17
87 17 29
87 18 30
87 19 9
87 20 79
87 21 67
87 22 71
87 23 24
87 24 34
87 25 84
87 26 57
87 27 36
87 28 37
87 29 51
87 30 71
87 31 3
87 32 15
87 33 80
87 34 70
87 36 38
87 37 46
87 38 26
87 39 16
87 40 100
87 41 5
87 42 88
87 43 15
87 44 55
87 45 14
87 46 54
87 47 50
87 48 16
87 49 76
87 50 18
87 51 18
87 52 76
87 53 37
87 54 25
87 55 73
87 56 24
87 57 3
87 58 13
87 59 42
87 60 46
87 61 90
87 62 72
87 63 62
87 64 23
87 65 54
87 66 67
87 67 3
87 68 46
87 69 33
87 70 16
87 71 49
87 72 60
87 73 3
87 74 71
87 75 88
87 76 27
87 77 57
87 78 11
87 79 97
87 80 40
87 81 46
87 82 85
87 83 75
87 84 64
87 85 47
87 86 43
87 88 9
87 89 22
88 0 98
88 1 12
88 2 30
88 3 55
88 4 54
88 5 23
88 6 59
88 7 34
88 8 43
88 9 36
88 10 27
88 11 53
88 12 82
88 13 96
88 14 52
88 15 15
88 16 84
88 17 15
88 18 9
88 19 13
88 20 71
88 21 29
88 22 47
88 23 76
88 24 9
88 25 86
88 26 78
88 27 44
88 28 58
88 29 50
88 30 69
88 31 90
88 32 21
88 33 15
88 34 57
88 35 55
88 36 63
88 37 3
88 38 14
88 39 62
88 40 27
88 41 79
88 42 39
88 43 61
88 44 7
88 45 88
88 46 44
88 47 23
88 48 58
88 49 72
88 50 23
88 51 93
88 52 84
88 53 31
88 54 41
88 55 80
88 56 85
88 57 3
88 58 13
88 59 62
88 60 29
88 61 41
88 62 76
88 63 9
88 64 90
88 65 39
88 66 84
88 67 1
88 68 32
88 69 39
88 70 58
88 71 5
88 72 11
88 73 50
88 74 19
88 75 67
88 76 52
88 77 24
88 78 79
88 79 11
88 80 66
88 81 86
88 82 75
88 83 78
88 85 26
88 86 66
88 87 95
88 89 70
89 0 44
89 1 16
89 2 9
89 3 90
89 4 70
89 5 19
89 6 59
89 7 29
89 8 61
89 9 24
89 10 40
89 11 17
89 12 76
89 13 46
89 14 94
89 15 91
89 16 30
89 17 48
89 18 91
89 19 51
89 20 77
89 22 44
89 23 59
89 24 51
89 25 19
89 26 17
89 27 25
89 28 58
89 29 4
89 30 21
89 31 91
89 32 54
89 33 57
89 34 7
89 35 83
89 36 29
89 37 50
89 38 16
89 39 24
89 40 92
89 41 58
89 42 91
89 43 96
89 44 26
89 45 36
89 46 26
89 47 78
89 48 64
89 49 8
89 50 86
89 51 44
89 52 9
89 53 27
89 54 25
89 55 84
89 56 91
89 58 16
89 59 71
89 60 94
89 61 16
89 62 70
89 63 18
89 64 55
89 65 58
89 66 14
89 67 71
89 68 22
89 69 48
89 70 37
89 71 15
89 72 61
89 73 9
89 74 25
89 75 13
89 76 23
89 77 19
89 78 71
89 79 41
89 80 99
89 81 5
89 82 43
89 83 82
89 84 99
89 85 28
89 86 27
89 87 39
89 88 86
