40
0 1 79
0 2 64
0 3 67
0 4 79
0 5 43
0 6 41
0 7 42
0 8 61
0 9 31
0 10 2
0 11 48
0 12 52
0 13 4
0 14 54
0 15 38
0 16 92
0 17 9
0 18 41
0 19 66
0 20 12
0 21 36
0 22 98
0 23 75
0 24 42
0 25 7
0 26 18
0 27 35
0 28 36
0 29 47
0 30 93
0 31 20
0 32 43
0 33 16
0 34 29
0 35 44
0 36 92
0 37 33
0 38 27
0 39 31
1 0 88
1 2 87
1 3 38
1 4 95
1 5 45
1 6 9
1 7 45
1 8 69
1 9 85
1 10 48
1 11 100
1 12 13
1 13 44
1 14 73
1 15 92
1 16 36
1 17 72
1 18 31
1 19 31
1 20 12
1 21 5
1 22 19
1 23 20
1 24 83
1 25 28
1 26 24
1 27 54
1 28 16
1 29 80
1 30 65
1 31 75
1 32 30
1 33 82
1 34 58
1 35 35
1 36 95
1 37 76
1 38 23
1 39 11
2 0 53
2 1 96
2 3 86
2 4 21
2 5 36
2 6 61
2 7 56
2 8 8
2 9 2
2 10 3
2 11 100
2 12 68
2 13 88
2 14 30
2 15 52
2 16 100
2 17 23
2 18 11
2 19 98
2 20 27
2 21 73
2 22 47
2 23 38
2 24 100
2 25 15
2 26 75
2 27 66
2 28 19
2 29 59
2 31 24
2 32 11
2 33 41
2 34 14
2 35 58
2 36 76
2 37 16
2 38 90
2 39 88
3 0 15
3 1 21
3 2 52
3 4 82
3 5 4
3 6 77
3 7 10
3 8 27
3 9 64
3 10 22
3 11 59
3 12 32
3 13 81
3 14 99
3 15 84
3 16 67
3 17 97
3 18 30
3 20 53
3 21 82
3 22 98
3 23 47
3 24 49
3 25 76
3 26 61
3 27 1
3 28 11
3 29 38
3 30 25
3 31 18
3 32 80
3 33 88
3 34 72
3 35 63
3 36 33
3 37 37
3 38 70
3 39 22
4 0 20
4 1 5
4 2 32
4 3 59
4 5 76
4 6 47
4 7 72
4 8 44
4 9 79
4 10 37
4 11 58
4 12 50
4 13 26
4 14 38
4 15 39
4 16 83
4 17 58
4 18 17
4 19 64
4 20 83
4 21 45
4 22 76
4 23 78
4 24 5
4 25 86
4 26 56
4 27 39
4 28 69
4 29 27
4 30 12
4 31 76
4 32 34
4 33 23
4 34 1
4 35 54
4 36 70
4 37 92
4 38 29
4 39 76
5 0 48
5 1 36
5 2 72
5 3 72
5 4 74
5 6 22
5 7 84
5 8 78
5 9 78
5 10 74
5 11 51
5 12 28
5 13 27
5 14 38
5 15 66
5 16 47
5 17 51
5 18 100
5 19 59
5 20 42
5 21 46
5 22 83
5 23 18
5 24 4
5 25 79
5 26 16
5 27 88
5 28 21
5 29 16
5 30 98
5 31 18
5 32 65
5 33 96
5 34 44
5 35 83
5 36 94
5 37 58
5 38 40
5 39 34
6 0 25
6 1 22
6 2 36
6 3 1
6 4 86
6 5 96
6 7 65
6 8 33
6 9 68
6 10 17
6 11 85
6 12 40
6 13 7
6 14 77
6 15 97
6 16 88
6 17 60
6 18 64
6 19 6
6 20 96
6 21 56
6 22 74
6 23 50
6 24 3
6 25 38
6 26 35
6 27 50
6 28 41
6 29 86
6 30 38
6 31 53
6 32 20
6 33 77
6 34 18
6 35 79
6 36 2
6 37 48
6 38 51
6 39 68
7 0 50
7 1 24
7 2 17
7 3 56
7 4 2
7 5 24
7 6 7
7 8 100
7 9 17
7 10 75
7 11 46
7 12 80
7 13 11
7 14 65
7 15 87
7 16 31
7 17 75
7 18 56
7 19 72
7 20 7
7 21 79
7 22 25
7 23 71
7 24 86
7 25 34
7 26 45
7 27 45
7 28 42
7 29 46
7 30 93
7 31 46
7 32 70
7 33 79
7 34 80
7 35 48
7 36 27
7 37 51
7 38 87
7 39 77
8 0 20
8 1 74
8 2 56
8 3 37
8 4 21
8 5 92
8 6 90
8 7 33
8 9 52
8 10 52
8 11 50
8 12 13
8 13 57
8 14 36
8 15 68
8 16 67
8 17 24
8 18 41
8 19 61
8 20 49
8 21 16
8 22 6
8 23 78
8 24 29
8 25 17
8 26 97
8 27 7
8 28 76
8 29 50
8 30 6
8 31 49
8 32 55
8 33 27
8 34 96
8 35 54
8 36 54
8 37 56
8 38 40
8 39 9
9 0 56
9 1 41
9 2 61
9 3 67
9 4 24
9 5 80
9 6 20
9 7 44
9 8 92
9 10 60
9 11 78
9 12 47
9 13 17
9 14 19
9 15 82
9 16 40
9 17 83
9 18 63
9 19 36
9 20 46
9 21 61
9 22 59
9 23 39
9 24 63
9 25 79
9 26 50
9 27 55
9 28 19
9 29 12
9 30 19
9 31 59
9 32 29
9 33 66
9 34 68
9 35 31
9 36 12
9 37 88
9 38 80
9 39 26
10 0 82
10 2 98
10 3 61
10 4 49
10 5 29
10 6 15
10 7 84
10 8 79
10 9 25
10 11 15
10 12 58
10 13 24
10 14 51
10 15 66
10 16 18
10 17 84
10 18 7
10 19 31
10 20 58
10 21 69
10 22 12
10 23 15
10 24 67
10 25 55
10 26 25
10 27 42
10 28 69
10 29 27
10 30 53
10 31 60
10 32 87
10 33 44
10 34 52
10 35 70
10 36 83
10 37 64
10 38 83
10 39 98
11 0 21
11 1 44
11 2 30
11 3 80
11 4 85
11 5 60
11 6 51
11 7 51
11 8 52
11 9 13
11 10 30
11 12 55
11 13 62
11 14 49
11 15 66
11 16 79
11 17 63
11 18 83
11 19 88
11 20 96
11 21 73
11 22 2
11 23 27
11 24 20
11 25 64
11 26 60
11 27 39
11 28 87
11 29 17
11 30 6
11 31 32
11 32 51
11 33 57
11 34 11
11 35 1
11 36 93
11 37 54
11 38 2
11 39 94
12 0 50
12 1 10
12 2 85
12 3 70
12 4 59
12 5 22
12 6 16
12 7 68
12 8 33
12 9 23
12 10 49
12 11 60
12 13 29
12 15 13
12 16 93
12 17 36
12 18 65
12 19 40
12 20 65
12 21 90
12 22 70
12 23 30
12 24 1
12 25 23
12 26 63
12 27 2
12 28 69
12 29 11
12 30 20
12 31 63
12 32 9
12 33 14
12 34 16
12 35 47
12 36 20
12 37 62
12 38 57
12 39 66
13 0 8
13 1 38
13 2 97
13 4 93
13 5 48
13 6 80
13 7 44
13 8 71
13 9 1
13 10 57
13 11 57
13 12 45
13 14 95
13 15 82
13 16 62
13 17 40
13 18 50
13 19 52
13 20 17
13 21 70
13 22 46
13 23 93
13 24 26
13 25 44
13 26 78
13 27 67
13 28 23
13 29 91
13 30 29
13 31 22
13 32 91
13 33 46
13 34 3
13 35 2
13 36 51
13 37 56
13 38 33
13 39 95
14 0 46
14 1 32
14 2 77
14 3 9
14 4 4
14 5 23
14 6 82
14 7 9
14 8 99
14 9 71
14 10 94
14 11 7
14 12 34
14 13 79
14 15 68
14 16 95
14 17 54
14 18 19
14 19 57
14 20 29
14 21 48
14 22 31
14 23 94
14 24 49
14 25 25
14 26 26
14 27 77
14 28 4
14 29 72
14 30 67
14 31 23
14 32 69
14 33 8
14 34 69
14 35 85
14 36 94
14 37 69
14 38 2
14 39 3
15 0 36
15 1 2
15 2 52
15 3 47
15 4 47
15 5 6
15 6 17
15 7 100
15 8 76
15 9 56
15 10 50
15 11 46
15 12 39
15 13 29
15 14 39
15 16 74
15 17 95
15 18 66
15 19 59
15 20 7
15 21 55
15 22 45
15 24 92
15 25 16
15 26 46
15 27 73
15 28 16
15 29 77
15 30 23
15 31 96
15 32 41
15 33 14
15 34 22
15 35 46
15 36 35
15 37 94
15 38 66
15 39 39
16 0 81
16 1 81
16 2 80
16 3 57
16 4 65
16 5 71
16 6 37
16 7 42
16 8 91
16 9 7
16 10 46
16 11 71
16 12 29
16 13 52
16 14 70
16 15 31
16 17 51
16 18 31
16 19 19
16 20 21
16 21 20
16 22 67
16 23 37
16 24 43
16 25 34
16 26 36
16 27 95
16 28 7
16 29 28
16 30 6
16 31 77
16 32 31
16 33 9
16 34 45
16 35 91
16 36 35
16 37 86
16 38 32
16 39 28
17 0 92
17 1 22
17 2 26
17 3 10
17 4 9
17 5 90
17 6 87
17 7 87
17 8 31
17 9 76
17 10 42
17 11 63
17 12 82
17 13 59
17 14 67
17 15 3
17 16 58
17 18 36
17 19 57
17 20 83
17 21 98
17 22 55
17 23 27
17 24 40
17 25 83
17 26 81
17 27 29
17 28 54
17 29 13
17 30 67
17 31 58
17 32 74
17 33 15
17 34 37
17 35 65
17 36 95
17 37 34
17 38 90
17 39 45
18 0 20
18 1 59
18 2 14
18 3 21
18 4 63
18 5 95
18 6 28
18 7 80
18 8 63
18 9 44
18 10 52
18 11 98
18 12 40
18 13 28
18 14 75
18 15 63
18 16 52
18 17 81
18 19 13
18 20 4
18 21 28
18 22 83
18 23 34
18 24 11
18 25 24
18 26 100
18 27 12
18 28 19
18 29 38
18 30 8
18 31 83
18 32 57
18 33 50
18 34 38
18 35 57
18 36 63
18 37 42
18 38 79
18 39 79
19 0 15
19 1 22
19 2 58
19 3 15
19 4 9
19 5 91
19 6 7
19 7 92
19 8 41
19 9 97
19 10 70
19 11 93
19 12 19
19 13 31
19 14 7
19 15 73
19 16 88
19 17 62
19 18 11
19 20 87
19 21 81
19 22 56
19 23 65
19 24 66
19 25 5
19 26 36
19 27 33
19 28 64
19 29 98
19 30 55
19 31 67
19 32 6
19 33 95
19 34 46
19 35 48
19 36 79
19 37 74
19 38 35
19 39 40
20 0 4
20 1 49
20 2 4
20 3 77
20 4 63
20 5 7
20 6 36
20 7 53
20 8 55
20 9 75
20 10 42
20 11 59
20 12 48
20 13 12
20 14 3
20 15 19
20 16 7
20 17 78
20 18 79
20 19 29
20 21 96
20 22 62
20 23 97
20 24 71
20 25 28
20 26 86
20 27 84
20 28 100
20 29 77
20 30 11
20 31 10
20 32 21
20 33 41
20 34 70
20 35 46
20 36 32
20 37 64
20 38 33
20 39 3
21 0 17
21 1 24
21 2 98
21 3 65
21 4 90
21 5 74
21 6 51
21 7 95
21 8 75
21 9 17
21 10 9
21 11 19
21 12 32
21 13 58
21 14 64
21 15 19
21 16 98
21 17 65
21 18 31
21 19 4
21 20 40
21 22 45
21 23 79
21 24 21
21 25 57
21 26 41
21 27 50
21 28 88
21 29 58
21 30 85
21 31 67
21 32 9
21 33 58
21 34 10
21 35 14
21 36 26
21 37 64
21 38 39
21 39 72
22 0 10
22 1 38
22 2 25
22 3 92
22 4 63
22 5 93
22 6 87
22 7 28
22 8 41
22 9 42
22 10 31
22 11 62
22 12 73
22 13 32
22 14 68
22 15 31
22 16 7
22 17 93
22 18 45
22 19 9
22 20 93
22 21 32
22 23 68
22 24 48
22 25 39
22 26 97
22 27 71
22 28 82
22 29 100
22 30 24
22 31 28
22 32 82
22 33 76
22 34 76
22 35 36
22 36 30
22 37 50
22 38 95
22 39 89
23 0 26
23 1 66
23 2 69
23 3 48
23 4 5
23 5 12
23 6 35
23 7 72
23 8 49
23 9 7
23 10 78
23 11 64
23 12 60
23 13 18
23 14 40
23 15 62
23 16 53
23 17 50
23 18 33
23 19 23
23 20 1
23 21 16
23 22 100
23 24 98
23 25 85
23 26 23
23 27 96
23 28 98
23 30 14
23 31 94
23 32 84
23 33 80
23 34 34
23 35 24
23 36 98
23 37 61
23 38 6
23 39 33
24 0 72
24 1 72
24 2 63
24 3 35
24 4 40
24 5 98
24 6 91
24 7 26
24 8 10
24 9 14
24 10 47
24 11 55
24 12 14
24 13 5
24 14 16
24 15 60
24 16 72
24 17 52
24 18 72
24 19 58
24 20 72
24 21 14
24 22 91
24 23 48
24 25 29
24 26 99
24 27 76
24 28 97
24 29 56
24 30 69
24 31 8
24 32 23
24 33 45
24 34 20
24 35 66
24 36 20
24 37 32
24 38 88
24 39 31
25 1 44
25 2 95
25 3 75
25 4 29
25 5 18
25 6 54
25 7 96
25 8 85
25 9 13
25 10 34
25 11 12
25 12 72
25 13 78
25 14 15
25 15 91
25 16 48
25 17 44
25 18 60
25 19 22
25 20 22
25 21 6
25 22 44
25 23 93
25 24 19
25 26 93
25 27 82
25 28 42
25 29 53
25 30 55
25 31 69
25 32 87
25 33 37
25 34 54
25 35 14
25 36 39
25 37 19
25 38 86
25 39 29
26 0 18
26 1 10
26 2 80
26 3 67
26 4 12
26 5 77
26 6 19
26 7 28
26 8 36
26 9 48
26 10 73
26 11 17
26 12 5
26 13 38
26 14 66
26 15 47
26 16 54
26 17 46
26 18 86
26 19 90
26 20 77
26 21 20
26 22 41
26 23 8
26 24 99
26 25 55
26 27 29
26 28 51
26 29 44
26 30 81
26 31 44
26 32 60
26 33 40
26 34 71
26 35 76
26 36 38
26 37 78
26 38 77
27 0 7
27 1 88
27 2 89
27 3 89
27 4 14
27 5 64
27 6 1
27 7 15
27 8 34
27 9 21
27 10 25
27 11 70
27 12 15
27 13 83
27 14 12
27 15 16
27 16 68
27 17 45
27 18 11
27 20 45
27 21 11
27 22 14
27 23 38
27 24 20
27 25 22
27 26 33
27 28 62
27 29 75
27 30 63
27 31 26
27 32 90
27 33 31
27 34 64
27 35 87
27 36 61
27 37 68
27 38 25
27 39 9
28 0 50
28 1 74
28 2 16
28 3 92
28 4 60
28 5 74
28 6 32
28 7 79
28 8 35
28 9 18
28 10 3
28 11 80
28 12 99
28 13 24
28 14 47
28 15 8
28 16 100
28 17 75
28 18 64
28 19 72
28 20 39
28 21 14
28 22 45
28 23 17
28 24 38
28 25 53
28 26 62
28 27 45
28 29 29
28 30 23
28 31 45
28 32 91
28 33 68
28 34 57
28 35 18
28 36 15
28 37 1
28 38 21
28 39 23
29 0 28
29 1 64
29 2 24
29 3 28
29 4 28
29 5 15
29 6 52
29 7 28
29 8 85
29 9 55
29 10 45
29 11 26
29 12 62
29 13 74
29 14 100
29 15 84
29 16 68
29 17 10
29 18 26
29 19 51
29 20 41
29 21 100
29 22 88
29 23 17
29 24 91
29 25 44
29 26 25
29 27 66
29 28 92
29 30 46
29 31 23
29 32 98
29 33 10
29 34 69
29 35 46
29 36 57
29 37 35
29 38 48
29 39 13
30 0 26
30 1 38
30 2 11
30 3 62
30 4 30
30 5 6
30 6 63
30 7 98
30 8 21
30 9 73
30 10 28
30 11 10
30 12 33
30 13 30
30 14 93
30 15 19
30 16 11
30 17 71
30 18 68
30 19 45
30 20 35
30 21 56
30 22 3
30 23 82
30 24 44
30 25 87
30 26 46
30 27 62
30 28 56
30 29 7
30 31 94
30 32 40
30 33 53
30 34 15
30 35 15
30 36 56
30 37 4
30 38 1
30 39 15
31 0 14
31 1 57
31 2 38
31 3 17
31 4 6
31 5 14
31 6 78
31 7 80
31 8 33
31 9 93
31 10 45
31 11 24
31 12 9
31 13 92
31 14 78
31 15 70
31 16 52
31 17 14
31 18 25
31 19 81
31 20 56
31 21 7
31 22 8
31 23 41
31 24 93
31 25 1
31 26 48
31 27 54
31 28 51
31 29 45
31 30 58
31 32 24
31 33 39
31 34 60
31 35 44
31 36 35
31 37 70
31 38 92
31 39 56
32 0 95
32 1 60
32 2 64
32 3 97
32 4 5
32 5 76
32 6 43
32 7 1
32 8 99
32 9 73
32 10 91
32 11 74
32 12 64
32 13 39
32 14 99
32 15 6
32 16 17
32 17 28
32 18 52
32 19 28
32 20 99
32 21 12
32 22 75
32 23 11
32 24 75
32 25 31
32 26 73
32 27 84
32 28 15
32 29 55
32 30 28
32 31 98
32 33 11
32 34 67
32 35 19
32 36 64
32 37 89
32 38 81
32 39 10
33 0 65
33 1 98
33 2 78
33 3 77
33 4 54
33 5 88
33 6 6
33 7 98
33 8 66
33 9 99
33 10 92
33 11 19
33 12 85
33 13 22
33 14 41
33 15 15
33 16 19
33 17 24
33 18 21
33 19 97
33 20 39
33 21 64
33 22 21
33 23 33
33 24 85
33 25 78
33 26 22
33 28 9
33 29 87
33 30 27
33 31 28
33 32 90
33 34 38
33 35 56
33 36 72
33 37 75
33 38 86
33 39 1
34 0 82
34 1 63
34 2 43
34 3 14
34 4 64
34 5 67
34 6 57
34 7 15
34 8 41
34 9 81
34 10 51
34 11 30
34 12 67
34 13 43
34 14 20
34 15 56
34 16 4
34 17 88
34 18 22
34 19 74
34 20 78
34 21 98
34 22 20
34 23 50
34 24 80
34 25 98
34 26 83
34 27 55
34 28 66
34 29 99
34 30 57
34 31 85
34 32 97
34 33 46
34 35 78
34 36 4
34 37 82
34 38 70
34 39 64
35 0 98
35 1 24
35 2 66
35 3 45
35 4 77
35 5 39
35 6 15
35 7 80
35 8 24
35 10 98
35 11 55
35 12 52
35 13 72
35 14 63
35 15 74
35 16 55
35 17 62
35 18 46
35 19 66
35 20 82
35 21 63
35 22 9
35 23 37
35 25 15
35 26 69
35 27 45
35 28 30
35 29 44
35 30 75
35 31 74
35 32 80
35 33 42
35 34 65
35 36 81
35 37 89
35 38 85
35 39 76
36 0 42
36 1 3
36 2 1
36 3 38
36 4 95
36 5 98
36 6 91
36 7 22
36 8 93
36 9 42
36 10 13
36 11 28
36 12 88
36 13 87
36 14 22
36 15 49
36 16 65
36 17 20
36 18 98
36 19 7
36 20 4
36 21 93
36 22 13
36 23 72
36 24 77
36 25 81
36 26 56
36 27 18
36 28 20
36 29 19
36 30 70
36 31 75
36 32 65
36 33 14
36 34 10
36 35 83
36 37 14
36 38 49
36 39 32
37 0 30
37 1 94
37 2 35
37 3 20
37 4 4
37 5 50
37 6 66
37 7 24
37 8 75
37 9 50
37 10 58
37 11 77
37 12 85
37 13 39
37 14 99
37 15 48
37 16 23
37 17 78
37 18 3
37 19 12
37 20 64
37 21 91
37 22 9
37 23 77
37 24 31
37 25 59
37 26 12
37 27 56
37 28 73
37 29 48
37 30 91
37 31 76
37 32 71
37 33 64
37 34 93
37 35 82
37 36 9
37 38 94
37 39 28
38 0 2
38 1 37
38 2 44
38 3 36
38 4 4
38 5 94
38 6 77
38 7 82
38 8 64
38 9 5
38 10 49
38 11 93
38 12 60
38 13 84
38 14 63
38 15 52
38 16 23
38 17 99
38 18 88
38 19 51
38 20 30
38 21 39
38 22 11
38 23 26
38 25 95
38 26 70
38 27 38
38 28 47
38 29 84
38 30 90
38 31 30
38 32 58
38 33 26
38 34 35
38 35 40
38 36 33
38 37 62
38 39 19
39 0 41
39 1 46
39 2 59
39 3 16
39 4 52
39 5 1
39 6 65
39 7 6
39 8 100
39 9 75
39 10 7
39 11 96
39 12 7
39 13 71
39 14 3
39 15 82
39 16 26
39 17 10
39 18 25
39 19 72
39 20 93
39 21 86
39 22 81
39 23 17
39 24 59
39 25 21
39 26 17
39 27 87
39 28 60
39 29 6
39 30 85
39 31 93
39 32 8
39 33 15
39 34 96
39 35 61
39 36 21
39 37 1
39 38 69
