50
0 1 86
0 2 34
0 3 16
0 4 37
0 5 33
0 6 86
0 7 97
0 8 69
0 9 82
0 10 12
0 11 16
0 12 15
0 13 14
0 14 97
0 15 62
0 16 98
0 17 82
0 18 3
0 19 81
0 20 65
0 21 13
0 22 75
0 23 6
0 24 35
0 25 48
0 26 55
0 27 21
0 28 43
0 29 61
0 30 11
0 31 53
0 32 35
0 33 93
0 34 47
0 35 22
0 36 94
0 37 55
0 38 39
0 39 5
0 40 85
0 41 74
0 42 55
0 43 28
0 44 16
0 45 48
0 46 86
0 47 65
0 48 50
0 49 39
1 0 53
1 2 28
1 3 56
1 4 30
1 5 75
1 6 93
1 7 19
1 8 29
1 9 37
1 10 11
1 11 49
1 12 42
1 13 48
1 14 80
1 15 30
1 16 73
1 17 3
1 18 76
1 19 90
1 20 6
1 21 47
1 22 80
1 23 60
1 24 2
1 25 43
1 26 45
1 27 29
1 28 33
1 29 71
1 30 62
1 31 34
1 32 97
1 33 3
1 34 21
1 35 25
1 36 37
1 37 4
1 38 3
1 39 100
1 40 74
1 41 19
1 42 32
1 43 42
1 44 61
1 45 57
1 46 31
1 47 35
1 48 37
1 49 93
2 0 2
2 1 29
2 3 28
2 4 93
2 5 21
2 6 80
2 7 74
2 8 80
2 9 15
2 10 91
2 11 15
2 12 78
2 13 50
2 14 8
2 15 40
2 16 53
2 17 12
2 18 99
2 19 25
2 20 77
2 21 36
2 22 53
2 23 41
2 24 25
2 25 59
2 26 15
2 27 72
2 28 92
2 29 5
2 30 48
2 31 37
2 32 87
2 33 31
2 34 19
2 35 98
2 36 74
2 37 15
2 38 50
2 39 4
2 40 70
2 41 53
2 42 99
2 43 87
2 44 60
2 45 88
2 46 41
2 47 86
2 48 22
2 49 53
3 0 92
3 1 87
3 2 64
3 4 90
3 5 34
3 6 28
3 7 82
3 8 62
3 9 30
3 10 74
3 11 56
3 12 68
3 13 29
3 14 23
3 15 34
3 16 48
3 17 97
3 18 66
3 19 90
3 20 7
3 21 65
3 22 80
3 23 33
3 24 17
3 25 43
3 26 100
3 27 97
3 28 34
3 29 23
3 30 12
3 31 37
3 32 36
3 33 5
3 34 21
3 35 80
3 36 63
3 37 9
3 38 37
3 39 28
3 40 48
3 41 25
3 42 7
3 43 63
3 44 5
3 45 20
3 46 56
3 47 64
3 48 93
3 49 27
4 0 66
4 1 16
4 2 45
4 3 80
4 5 24
4 6 61
4 7 59
4 8 83
4 9 44
4 10 26
4 11 58
4 12 72
4 13 65
4 14 89
4 15 87
4 16 81
4 17 69
4 18 19
4 19 92
4 20 100
4 21 41
4 22 46
4 23 50
4 24 10
4 25 41
4 26 83
4 27 73
4 28 80
4 29 80
4 30 86
4 31 34
4 32 57
4 33 63
4 34 47
4 35 57
4 36 51
4 37 80
4 38 70
4 39 45
4 40 10
4 41 63
4 42 88
4 43 90
4 44 83
4 45 15
4 46 50
4 47 12
4 48 11
4 49 62
5 0 38
5 1 3
5 2 37
5 3 82
5 4 45
5 6 20
5 7 45
5 8 8
5 9 44
5 10 60
5 11 95
5 12 9
5 13 48
5 14 63
5 15 19
5 16 70
5 17 59
5 18 89
5 19 5
5 20 60
5 21 42
5 22 63
5 23 43
5 24 64
5 25 69
5 26 25
5 27 99
5 28 58
5 29 50
5 30 74
5 31 65
5 32 35
5 33 41
5 34 20
5 35 65
5 36 27
5 37 16
5 38 78
5 39 89
5 40 63
5 41 54
5 42 76
5 43 57
5 44 56
5 45 84
5 46 46
5 47 3
5 48 48
5 49 75
6 0 18
6 1 14
6 2 52
6 3 99
6 4 95
6 5 4
6 7 8
6 8 61
6 9 75
6 10 59
6 11 66
6 12 43
6 13 96
6 14 34
6 15 65
6 16 35
6 17 34
6 18 36
6 19 44
6 20 16
6 21 22
6 22 4
6 23 20
6 24 62
6 25 67
6 26 39
6 27 71
6 28 34
6 29 62
6 30 21
6 31 5
6 32 39
6 33 68
6 34 22
6 35 50
6 36 6
6 37 9
6 38 26
6 39 81
6 40 44
6 41 41
6 42 44
6 43 13
6 44 95
6 45 43
6 46 92
6 47 3
6 48 57
6 49 33
7 0 11
7 1 11
7 2 43
7 3 84
7 4 68
7 5 67
7 6 31
7 8 34
7 9 13
7 10 32
7 11 58
7 12 30
7 13 53
7 14 63
7 15 53
7 16 11
7 17 56
7 18 39
7 19 75
7 20 59
7 21 24
7 22 60
7 23 36
7 24 17
7 25 87
7 26 26
7 27 58
7 28 64
7 29 29
7 30 6
7 31 90
7 32 97
7 33 36
7 34 65
7 35 35
7 36 16
7 37 27
7 38 30
7 39 23
7 40 7
7 41 42
7 42 7
7 43 100
7 44 10
7 45 28
7 46 89
7 47 31
7 48 71
7 49 82
8 0 95
8 1 20
8 2 69
8 3 3
8 4 3
8 5 64
8 6 100
8 7 72
8 9 20
8 10 8
8 11 37
8 12 20
8 13 31
8 14 80
8 15 33
8 16 46
8 17 61
8 18 68
8 19 59
8 20 63
8 21 84
8 22 8
8 23 26
8 24 11
8 25 52
8 26 21
8 27 8
8 28 94
8 29 97
8 30 69
8 31 99
8 32 65
8 33 59
8 34 15
8 35 3
8 36 68
8 37 69
8 38 21
8 39 36
8 40 56
8 41 2
8 42 25
8 43 9
8 44 64
8 45 80
8 46 48
8 47 14
8 48 6
8 49 35
9 0 94
9 1 21
9 2 71
9 3 13
9 4 19
9 5 50
9 6 29
9 7 77
9 8 58
9 10 2
9 11 16
9 12 11
9 13 98
9 14 68
9 15 64
9 16 86
9 17 56
9 18 64
9 19 67
9 20 39
9 21 92
9 22 55
9 23 76
9 24 70
9 25 88
9 26 46
9 27 60
9 28 91
9 29 35
9 30 77
9 31 74
9 32 88
9 33 48
9 34 11
9 35 14
9 36 27
9 37 38
9 38 78
9 39 4
9 40 65
9 41 13
9 42 15
9 43 21
9 44 10
9 45 75
9 46 41
9 47 27
9 48 39
9 49 80
10 0 40
10 1 45
10 2 87
10 3 8
10 4 18
10 5 83
10 6 67
10 7 73
10 8 38
10 9 53
10 11 49
10 12 38
10 13 10
10 14 68
10 15 78
10 16 84
10 17 79
10 18 54
10 19 19
10 20 16
10 21 25
10 22 17
10 23 42
10 24 57
10 25 84
10 27 18
10 28 41
10 29 87
10 30 54
10 31 33
10 32 100
10 33 82
10 34 59
10 35 56
10 36 37
10 37 80
10 38 49
10 39 67
10 40 49
10 41 33
10 42 76
10 43 97
10 44 27
10 45 9
10 46 29
10 47 31
10 48 91
10 49 89
11 0 51
11 1 56
11 2 66
11 3 40
11 4 40
11 5 12
11 6 90
11 7 21
11 8 54
11 9 44
11 10 70
11 12 22
11 13 21
11 14 70
11 15 10
11 16 21
11 17 50
11 18 14
11 19 80
11 20 92
11 21 29
11 22 19
11 23 14
11 24 92
11 25 3
11 26 42
11 27 98
11 28 49
11 29 76
11 30 44
11 31 53
11 32 85
11 33 33
11 34 81
11 35 76
11 36 27
11 37 85
11 38 12
11 39 89
11 40 92
11 41 24
11 42 3
11 43 72
11 44 14
11 45 23
11 46 76
11 47 1
11 48 57
11 49 58
12 0 91
12 1 81
12 2 9
12 3 76
12 4 6
12 5 82
12 6 29
12 7 63
12 8 37
12 9 87
12 10 18
12 11 59
12 13 90
12 14 57
12 15 26
12 16 27
12 17 41
12 18 39
12 19 89
12 20 81
12 21 76
12 22 69
12 23 13
12 24 96
12 25 25
12 26 73
12 27 71
12 28 66
12 29 49
12 30 62
12 31 99
12 32 59
12 33 36
12 34 94
12 35 20
12 36 40
12 37 76
12 38 10
12 39 62
12 40 13
12 41 55
12 42 25
12 43 64
12 44 97
12 45 84
12 46 15
12 47 50
12 48 2
12 49 46
13 0 9
13 1 47
13 2 23
13 3 64
13 4 92
13 5 33
13 6 99
13 7 76
13 8 97
13 9 8
13 10 9
13 11 52
13 12 1
13 14 68
13 15 51
13 16 99
13 17 60
13 18 9
13 19 61
13 20 20
13 21 71
13 22 73
13 23 71
13 24 61
13 25 72
13 26 88
13 27 84
13 28 64
13 29 80
13 30 99
13 31 74
13 32 16
13 33 58
13 34 57
13 35 72
13 36 87
13 37 4
13 38 51
13 39 87
13 40 50
13 41 10
13 42 96
13 43 76
13 44 23
13 45 43
13 46 59
13 47 8
13 48 14
13 49 35
14 0 2
14 1 62
14 2 15
14 3 8
14 4 59
14 5 47
14 6 96
14 7 61
14 8 20
14 9 4
14 10 99
14 11 84
14 12 7
14 13 98
14 15 8
14 16 23
14 17 86
14 18 32
14 19 64
14 20 78
14 21 76
14 22 26
14 23 44
14 24 13
14 25 17
14 26 32
14 27 62
14 28 17
14 29 62
14 30 48
14 31 2
14 32 57
14 33 26
14 34 57
14 35 28
14 36 80
14 37 95
14 38 61
14 39 21
14 40 85
14 41 24
14 42 26
14 43 94
14 44 52
14 45 8
14 46 12
14 47 41
14 48 3
14 49 40
15 0 42
15 1 20
15 2 49
15 3 62
15 4 24
15 5 52
15 6 17
15 7 84
15 8 26
15 9 21
15 10 38
15 11 71
15 12 7
15 13 6
15 14 93
15 16 97
15 17 66
15 18 41
15 19 81
15 20 46
15 21 77
15 22 21
15 23 81
15 24 46
15 25 17
15 26 36
15 27 11
15 28 31
15 29 2
15 30 43
15 31 74
15 32 69
15 33 60
15 34 9
15 35 56
15 36 76
15 37 74
15 38 40
15 39 74
15 40 90
15 41 63
15 42 70
15 43 24
15 44 88
15 45 34
15 46 47
15 47 80
15 48 64
15 49 97
16 0 31
16 1 44
16 2 6
16 3 57
16 4 47
16 5 99
16 6 3
16 7 27
16 8 99
16 9 52
16 10 96
16 11 59
16 12 100
16 13 94
16 14 78
16 15 22
16 17 73
16 18 92
16 19 98
16 20 51
16 21 39
16 22 22
16 23 42
16 24 49
16 25 67
16 26 84
16 27 79
16 28 66
16 29 80
16 30 94
16 31 11
16 32 2
16 33 9
16 34 15
16 35 89
16 36 12
16 37 24
16 38 42
16 39 41
16 40 26
16 41 75
16 42 94
16 43 89
16 44 51
16 45 4
16 46 82
16 47 17
16 48 5
16 49 14
17 0 1
17 1 38
17 2 74
17 3 62
17 4 19
17 5 81
17 6 25
17 7 85
17 9 2
17 10 22
17 11 100
17 12 80
17 13 85
17 14 26
17 15 35
17 16 18
17 18 82
17 19 54
17 20 86
17 21 39
17 22 62
17 23 10
17 24 86
17 25 40
17 26 54
17 27 71
17 28 33
17 29 95
17 30 69
17 31 60
17 32 18
17 33 59
17 34 14
17 35 8
17 36 80
17 37 19
17 38 43
17 39 53
17 40 32
17 41 7
17 42 18
17 43 28
17 44 70
17 45 6
17 46 69
17 47 51
17 48 78
17 49 21
18 0 64
18 1 8
18 2 17
18 4 79
18 5 52
18 6 55
18 7 73
18 8 38
18 9 72
18 10 16
18 11 56
18 12 100
18 13 54
18 14 46
18 15 7
18 16 40
18 17 29
18 19 17
18 20 56
18 21 45
18 22 79
18 23 47
18 24 23
18 25 26
18 26 49
18 27 57
18 28 78
18 29 36
18 30 12
18 31 80
18 32 55
18 33 41
18 34 65
18 35 71
18 36 95
18 37 72
18 38 29
18 39 59
18 40 72
18 41 14
18 42 27
18 43 29
18 44 31
18 45 85
18 46 18
18 47 74
18 48 100
18 49 5
19 0 73
19 1 86
19 2 35
19 3 83
19 4 64
19 5 62
19 6 57
19 7 21
19 8 60
19 9 21
19 10 93
19 11 76
19 12 57
19 13 28
19 14 24
19 15 75
19 16 12
19 17 44
19 18 79
19 20 24
19 21 90
19 22 26
19 23 51
19 24 55
19 25 69
19 26 21
19 27 21
19 28 60
19 29 3
19 30 18
19 31 8
19 32 8
19 33 63
19 34 8
19 35 21
19 36 92
19 37 76
19 38 3
19 39 76
19 40 16
19 41 35
19 42 28
19 43 82
19 44 70
19 45 81
19 46 50
19 47 4
19 48 60
19 49 39
20 0 68
20 1 50
20 2 15
20 3 45
20 4 71
20 5 12
20 6 73
20 7 6
20 8 34
20 9 72
20 10 16
20 11 44
20 12 57
20 13 59
20 14 49
20 15 3
20 16 72
20 17 66
20 18 77
20 19 77
20 21 69
20 22 58
20 23 35
20 24 76
20 26 77
20 27 97
20 28 92
20 29 35
20 30 60
20 31 6
20 32 62
20 33 6
20 34 75
20 35 69
20 36 61
20 37 1
20 38 5
20 39 3
20 40 79
20 41 40
20 42 42
20 43 100
20 44 92
20 45 46
20 46 42
20 47 80
20 48 79
20 49 93
21 1 24
21 2 13
21 3 65
21 4 50
21 5 29
21 6 94
21 7 6
21 8 28
21 9 19
21 10 51
21 11 39
21 12 32
21 13 50
21 14 36
21 15 18
21 16 20
21 17 91
21 18 26
21 19 50
21 20 1
21 22 46
21 25 37
21 26 51
21 27 22
21 28 18
21 29 13
21 30 36
21 31 3
21 32 27
21 33 84
21 34 76
21 35 12
21 36 1
21 37 65
21 38 97
21 39 54
21 40 38
21 41 57
21 42 4
21 43 86
21 44 53
21 45 54
21 46 46
21 47 41
21 48 29
21 49 19
22 0 62
22 1 39
22 2 63
22 3 1
22 4 88
22 5 69
22 6 16
22 7 45
22 8 70
22 9 96
22 10 47
22 11 59
22 12 50
22 14 32
22 15 75
22 16 3
22 17 2
22 18 28
22 19 67
22 20 52
22 21 85
22 23 88
22 24 88
22 25 9
22 26 95
22 27 58
22 28 64
22 29 78
22 30 99
22 31 11
22 32 73
22 33 61
22 34 16
22 35 76
22 36 97
22 37 64
22 38 35
22 39 39
22 40 14
22 41 28
22 42 73
22 43 27
22 44 78
22 45 42
22 46 27
22 47 81
22 48 3
22 49 7
23 0 64
23 1 46
23 2 52
23 3 3
23 4 64
23 5 94
23 6 32
23 7 9
23 8 54
23 9 48
23 10 11
23 11 54
23 12 98
23 13 82
23 14 27
23 15 24
23 16 24
23 17 75
23 18 23
23 19 38
23 20 78
23 21 55
23 22 49
23 24 69
23 25 45
23 26 30
23 27 75
23 28 90
23 29 39
23 30 42
23 31 52
23 32 46
23 33 99
23 34 7
23 35 83
23 36 28
23 37 28
23 38 76
23 39 74
23 40 20
23 41 1
23 42 65
23 43 81
23 44 15
23 45 61
23 46 34
23 47 7
23 48 30
23 49 73
24 0 26
24 1 2
24 2 63
24 3 55
24 4 23
24 5 23
24 6 34
24 7 21
24 8 24
24 9 77
24 10 45
24 11 99
24 12 44
24 13 56
24 14 46
24 15 4
24 16 34
24 17 63
24 18 87
24 19 93
24 20 38
24 21 98
24 22 74
24 23 76
24 25 57
24 26 82
24 27 32
24 28 41
24 29 19
24 30 56
24 31 69
24 32 18
24 33 78
24 34 85
24 35 27
24 36 6
24 37 51
24 38 9
24 39 91
24 40 11
24 41 18
24 42 64
24 43 88
24 44 28
24 45 49
24 46 80
24 47 30
24 48 6
24 49 73
25 0 23
25 1 1
25 2 24
25 3 68
25 4 92
25 5 32
25 6 87
25 7 64
25 8 34
25 9 81
25 10 19
25 11 6
25 12 68
25 13 30
25 14 11
25 15 25
25 16 1
25 17 52
25 18 88
25 19 58
25 20 78
25 21 35
25 22 25
25 23 4
25 24 8
25 26 70
25 27 81
25 28 15
25 29 11
25 30 28
25 31 59
25 32 36
25 33 82
25 34 23
25 35 34
25 36 45
25 37 84
25 38 75
25 39 29
25 40 19
25 41 58
25 42 43
25 43 40
25 44 98
25 45 80
25 46 90
25 47 80
25 48 19
25 49 31
26 0 95
26 1 76
26 2 61
26 3 13
26 4 6
26 5 37
26 6 57
26 7 58
26 8 58
26 9 15
26 10 81
26 11 68
26 12 66
26 13 68
26 14 67
26 15 7
26 16 30
26 17 42
26 19 16
26 20 5
26 21 70
26 23 32
26 24 53
26 25 10
26 27 89
26 28 4
26 29 93
26 30 9
26 31 60
26 32 57
26 33 64
26 34 41
26 35 11
26 36 57
26 37 86
26 38 77
26 39 33
26 40 47
26 41 2
26 42 59
26 43 99
26 44 30
26 45 77
26 46 92
26 47 12
26 48 92
26 49 14
27 0 67
27 1 56
27 2 53
27 3 28
27 4 67
27 5 50
27 6 3
27 7 25
27 8 85
27 9 68
27 10 42
27 11 93
27 12 11
27 13 38
27 14 25
27 15 9
27 16 69
27 17 21
27 18 10
27 19 79
27 20 21
27 21 91
27 22 4
27 23 14
27 24 23
27 25 93
27 26 62
27 28 10
27 29 18
27 30 78
27 31 66
27 32 78
27 33 39
27 34 2
27 35 71
27 36 92
27 37 6
27 38 83
27 39 48
27 40 59
27 41 66
27 42 84
27 43 17
27 44 98
27 45 32
27 46 91
27 47 9
27 48 88
27 49 40
28 0 21
28 2 73
28 3 97
28 4 20
28 5 4
28 6 77
28 7 15
28 8 58
28 9 30
28 10 15
28 11 34
28 12 41
28 13 3
28 14 12
28 15 76
28 16 72
28 17 86
28 18 7
28 19 12
28 20 36
28 21 45
28 22 74
28 23 19
28 24 66
28 25 50
28 26 78
28 27 30
28 29 8
28 30 63
28 31 27
28 32 22
28 33 69
28 34 82
28 35 73
28 36 72
28 37 31
28 38 76
28 39 42
28 40 15
28 41 56
28 42 40
28 43 30
28 44 89
28 45 49
28 46 33
28 47 43
28 48 18
28 49 52
29 0 84
29 1 72
29 2 10
29 3 37
29 4 60
29 5 66
29 6 50
29 7 90
29 8 60
29 9 2
29 10 51
29 11 95
29 12 46
29 13 86
29 14 85
29 15 98
29 16 27
29 17 86
29 18 57
29 19 27
29 20 35
29 21 86
29 22 48
29 23 28
29 24 26
29 25 62
29 26 34
29 27 43
29 28 81
29 30 41
29 31 8
29 33 47
29 34 17
29 35 14
29 36 48
29 37 11
29 38 55
29 39 31
29 40 65
29 41 93
29 42 16
29 43 59
29 44 97
29 45 73
29 46 42
29 47 74
29 48 57
29 49 65
30 0 80
30 1 69
30 2 11
30 3 29
30 4 45
30 5 100
30 6 80
30 7 13
30 8 4
30 9 14
30 10 31
30 11 83
30 12 57
30 13 77
30 14 13
30 15 67
30 16 78
30 17 47
30 18 89
30 19 58
30 20 57
30 21 55
30 22 5
30 23 53
30 24 17
30 25 62
30 26 62
30 27 67
30 28 3
30 29 93
30 31 37
30 32 81
30 33 9
30 34 57
30 35 88
30 36 94
30 37 84
30 38 26
30 39 83
30 40 87
30 41 32
30 42 87
30 43 16
30 44 46
30 45 5
30 46 86
30 47 50
30 48 60
30 49 87
31 0 91
31 1 72
31 2 41
31 3 89
31 4 1
31 5 9
31 6 96
31 7 12
31 8 38
31 9 86
31 10 28
31 11 81
31 12 78
31 13 77
31 14 80
31 15 18
31 16 14
31 17 71
31 18 88
31 19 80
31 20 41
31 21 17
31 23 18
31 24 85
31 25 86
31 26 83
31 27 52
31 28 46
31 29 95
31 30 37
31 32 40
31 33 65
31 34 18
31 35 85
31 36 54
31 37 100
31 38 48
31 39 80
31 40 85
31 41 43
31 42 49
31 43 92
31 44 5
31 45 75
31 46 90
31 47 16
31 48 67
31 49 48
32 0 47
32 1 70
32 3 78
32 4 8
32 5 23
32 6 31
32 7 86
32 8 42
32 9 46
32 10 77
32 11 15
32 12 97
32 13 61
32 14 51
32 15 15
32 16 81
32 17 46
32 18 93
32 19 53
32 20 31
32 21 10
32 22 77
32 23 95
32 24 31
32 25 78
32 26 86
32 27 13
32 28 96
32 29 26
32 30 12
32 31 88
32 33 74
32 34 76
32 36 51
32 37 72
32 38 90
32 39 54
32 40 3
32 41 91
32 42 70
32 43 61
32 44 36
32 45 78
32 46 46
32 47 80
32 48 77
32 49 33
33 0 63
33 1 90
33 2 37
33 3 79
33 4 8
33 5 40
33 6 94
33 7 74
33 8 26
33 9 63
33 10 61
33 11 52
33 12 51
33 13 45
33 14 58
33 15 32
33 16 76
33 17 79
33 19 69
33 20 85
33 21 4
33 22 57
33 23 35
33 24 28
33 25 22
33 26 78
33 27 35
33 28 7
33 29 86
33 30 3
33 31 45
33 32 68
33 34 78
33 35 76
33 36 65
33 37 62
33 38 71
33 39 33
33 40 24
33 41 55
33 42 81
33 43 1
33 44 80
33 45 78
33 46 79
33 47 41
33 48 55
33 49 38
34 0 28
34 1 54
34 2 2
34 3 58
34 4 5
34 5 24
34 6 81
34 7 90
34 8 33
34 9 47
34 10 83
34 11 96
34 12 40
34 13 71
34 14 96
34 15 38
34 16 97
34 17 96
34 19 58
34 20 87
34 21 17
34 22 23
34 23 73
34 25 75
34 26 1
34 27 1
34 28 22
34 29 27
34 30 43
34 31 17
34 32 45
34 33 65
34 35 23
34 36 43
34 37 69
34 38 82
34 39 35
34 40 54
34 41 75
34 42 82
34 43 17
34 44 70
34 45 82
34 46 61
34 47 97
34 48 62
34 49 31
35 0 90
35 1 8
35 2 10
35 3 30
35 4 100
35 5 27
35 6 59
35 7 53
35 8 86
35 9 8
35 10 52
35 11 76
35 12 80
35 13 10
35 14 17
35 15 99
35 16 5
35 17 13
35 18 12
35 19 36
35 20 13
35 21 71
35 22 93
35 23 84
35 24 28
35 25 11
35 26 8
35 27 58
35 28 68
35 29 43
35 30 55
35 31 33
35 32 46
35 33 47
35 34 9
35 36 16
35 37 85
35 38 38
35 39 73
35 40 15
35 41 71
35 42 12
35 43 43
35 44 60
35 45 76
35 46 28
35 47 73
35 48 89
35 49 19
36 0 5
36 1 7
36 2 84
36 3 85
36 4 97
36 5 23
36 6 57
36 7 30
36 8 40
36 9 4
36 10 38
36 11 94
36 12 70
36 13 85
36 14 45
36 15 77
36 16 76
36 17 36
36 18 2
36 19 57
36 20 28
36 21 66
36 22 84
36 23 83
36 24 50
36 25 20
36 26 89
36 27 13
36 28 1
36 29 68
36 30 56
36 31 72
36 32 47
36 33 22
36 34 21
36 35 32
36 37 97
36 38 8
36 39 83
36 40 35
36 41 60
36 42 63
36 43 32
36 44 97
36 45 29
36 46 56
36 47 2
36 48 38
36 49 84
37 0 13
37 1 51
37 2 91
37 3 18
37 4 79
37 5 52
37 7 42
37 8 73
37 9 75
37 10 90
37 11 63
37 12 52
37 13 38
37 14 76
37 15 9
37 16 70
37 17 83
37 18 52
37 19 87
37 20 50
37 21 48
37 22 63
37 23 72
37 24 90
37 25 90
37 26 67
37 27 89
37 28 96
37 29 28
37 30 100
37 31 27
37 32 27
37 33 29
37 34 24
37 35 37
37 36 84
37 38 43
37 39 25
37 40 57
37 41 87
37 42 79
37 43 90
37 44 58
37 46 40
37 47 25
37 48 48
37 49 70
38 0 43
38 1 21
38 2 88
38 3 87
38 4 28
38 5 47
38 6 74
38 7 57
38 8 20
38 9 16
38 10 20
38 11 61
38 12 97
38 13 44
38 14 31
38 15 68
38 16 10
38 17 24
38 18 15
38 19 31
38 20 55
38 21 37
38 22 75
38 23 79
38 24 65
38 25 23
38 26 100
38 27 1
38 28 93
38 29 23
38 30 79
38 31 11
38 32 52
38 33 98
38 34 37
38 35 23
38 36 15
38 37 26
38 39 34
38 40 56
38 41 86
38 42 67
38 43 84
38 44 98
38 45 98
38 46 63
38 47 40
38 48 65
38 49 82
39 0 40
39 1 6
39 2 53
39 3 4
39 4 9
39 5 44
39 6 97
39 7 40
39 8 1
39 9 66
39 10 11
39 11 86
39 12 43
39 13 14
39 14 15
39 15 6
39 16 23
39 17 12
39 18 6
39 19 95
39 20 73
39 21 44
39 22 77
39 23 15
39 24 49
39 25 23
39 26 3
39 27 31
39 28 38
39 29 49
39 30 79
39 31 26
39 32 42
39 33 55
39 34 15
39 35 21
39 36 92
39 37 76
39 38 57
39 40 1
39 41 7
39 42 3
39 43 28
39 44 25
39 45 45
39 46 35
39 47 10
39 48 29
39 49 68
40 0 50
40 1 38
40 2 74
40 4 41
40 5 52
40 6 36
40 7 83
40 8 87
40 9 10
40 10 77
40 11 43
40 12 93
40 13 13
40 14 65
40 15 100
40 16 64
40 17 26
40 18 5
40 19 64
40 20 62
40 21 77
40 22 59
40 23 23
40 24 96
40 25 27
40 26 2
40 27 83
40 28 47
40 29 1
40 30 39
40 31 57
40 32 58
40 33 38
40 34 22
40 35 79
40 36 70
40 37 81
40 38 32
40 39 4
40 41 52
40 42 34
40 43 39
40 44 2
40 45 46
40 46 47
40 47 63
40 48 15
40 49 2
41 0 93
41 1 51
41 2 92
41 3 94
41 4 85
41 5 32
41 6 2
41 7 35
41 8 6
41 9 20
41 10 4
41 11 26
41 12 3
41 13 61
41 14 13
41 15 54
41 16 10
41 17 86
41 18 74
41 19 93
41 20 8
41 21 29
41 22 89
41 23 44
41 24 85
41 25 49
41 26 69
41 27 47
41 28 2
41 29 54
41 30 8
41 31 21
41 32 12
41 33 43
41 34 93
41 35 85
41 36 70
41 37 49
41 38 18
41 39 83
41 40 82
41 42 68
41 43 45
41 44 23
41 45 94
41 46 67
41 47 65
41 48 50
41 49 23
42 0 67
42 1 61
42 2 77
42 3 64
42 4 60
42 5 34
42 6 35
42 7 79
42 8 42
42 9 69
42 10 1
42 11 13
42 12 68
42 13 53
42 14 84
42 15 64
42 16 88
42 17 13
42 18 28
42 19 69
42 20 93
42 21 66
42 22 54
42 23 68
42 24 88
42 25 83
42 26 11
42 27 77
42 28 10
42 29 63
42 30 59
42 31 8
42 32 1
42 33 99
42 34 90
42 35 20
42 36 57
42 37 41
42 38 68
42 39 69
42 40 46
42 41 21
42 43 6
42 44 57
42 45 99
42 46 30
42 47 69
42 48 57
42 49 26
43 0 88
43 1 14
43 2 20
43 3 28
43 4 73
43 5 32
43 6 83
43 7 7
43 8 44
43 9 44
43 10 82
43 11 33
43 12 43
43 13 69
43 14 1
43 15 32
43 16 75
43 17 51
43 18 44
43 19 64
43 20 43
43 21 51
43 22 73
43 23 85
43 24 79
43 25 69
43 26 15
43 27 74
43 28 100
43 29 41
43 30 64
43 31 51
43 32 29
43 33 71
43 34 55
43 35 43
43 36 69
43 37 78
43 38 46
43 39 80
43 40 91
43 41 98
43 42 22
43 44 70
43 45 35
43 46 37
43 47 8
43 48 46
43 49 30
44 1 43
44 2 2
44 3 39
44 4 34
44 5 57
44 6 79
44 7 27
44 8 69
44 9 54
44 10 5
44 11 75
44 12 87
44 13 9
44 14 68
44 15 14
44 16 54
44 17 34
44 18 28
44 19 77
44 20 26
44 21 14
44 22 84
44 23 96
44 24 16
44 25 7
44 26 41
44 27 84
44 28 43
44 29 49
44 30 17
44 31 38
44 32 45
44 33 5
44 34 31
44 35 53
44 36 53
44 37 70
44 38 84
44 39 57
44 40 25
44 41 73
44 42 12
44 43 46
44 45 67
44 46 75
44 47 55
44 48 22
44 49 50
45 0 12
45 1 57
45 2 88
45 3 95
45 4 78
45 5 83
45 6 39
45 7 88
45 8 60
45 9 46
45 10 98
45 11 80
45 12 59
45 13 70
45 14 29
45 15 38
45 16 44
45 17 84
45 18 100
45 19 4
45 20 77
45 21 5
45 22 59
45 23 38
45 24 79
45 25 44
45 26 96
45 27 48
45 28 52
45 29 99
45 30 94
45 31 49
45 32 47
45 33 85
45 34 47
45 35 35
45 36 6
45 37 13
45 38 23
45 39 74
45 40 68
45 41 29
45 42 61
45 43 87
45 44 47
45 46 78
45 47 55
45 48 74
45 49 14
46 0 4
46 1 89
46 2 55
46 3 31
46 4 42
46 5 22
46 7 99
46 8 89
46 9 77
46 10 41
46 11 35
46 12 24
46 13 22
46 14 34
46 15 14
46 16 92
46 17 33
46 18 100
46 19 52
46 20 98
46 21 45
46 22 33
46 23 64
46 24 26
46 25 3
46 26 71
46 27 50
46 28 60
46 29 3
46 30 5
46 31 24
46 32 95
46 33 6
46 34 69
46 35 95
46 36 11
46 37 59
46 38 41
46 40 94
46 41 94
46 42 50
46 43 36
46 44 61
46 45 41
46 47 4
46 48 43
46 49 4
47 0 11
47 1 79
47 2 17
47 3 38
47 4 74
47 5 50
47 6 8
47 7 79
47 9 70
47 10 71
47 11 24
47 12 56
47 13 63
47 14 26
47 15 31
47 16 63
47 17 20
47 18 10
47 19 24
47 20 27
47 21 50
47 22 13
47 23 97
47 24 7
47 25 15
47 26 55
47 27 40
47 28 23
47 29 95
47 30 33
47 31 17
47 32 32
47 33 5
47 35 60
47 36 91
47 37 32
47 38 90
47 39 82
47 40 10
47 41 13
47 42 84
47 43 1
47 44 76
47 45 74
47 46 83
47 48 79
47 49 58
48 0 76
48 1 85
48 2 63
48 3 71
48 4 11
48 5 63
48 6 60
48 7 89
48 8 6
48 9 16
48 10 39
48 11 18
48 12 27
48 13 28
48 14 45
48 15 78
48 16 94
48 17 81
48 18 61
48 19 98
48 20 84
48 21 75
48 22 54
48 23 41
48 24 94
48 25 24
48 26 66
48 27 2
48 28 33
48 29 5
48 30 44
48 31 47
48 32 14
48 33 4
48 34 65
48 35 41
48 36 97
48 37 86
48 38 36
48 39 14
48 40 44
48 41 80
48 42 39
48 43 82
48 44 80
48 45 49
48 46 46
48 47 100
48 49 75
49 0 48
49 1 51
49 2 17
49 3 13
49 4 20
49 5 32
49 6 1
49 7 26
49 8 7
49 9 55
49 10 71
49 11 47
49 12 43
49 13 100
49 14 70
49 15 35
49 16 80
49 17 55
49 18 35
49 19 17
49 20 41
49 21 21
49 22 55
49 23 97
49 24 11
49 25 35
49 26 68
49 27 73
49 28 55
49 29 66
49 30 69
49 31 43
49 32 19
49 33 43
49 34 94
49 35 47
49 36 33
49 37 32
49 38 6
49 39 98
49 40 88
49 41 79
49 42 92
49 43 25
49 44 90
49 45 98
49 46 81
49 47 18
49 48 69
