70
0 1 43
0 2 26
0 3 25
0 4 21
0 5 85
0 6 60
0 7 22
0 8 72
0 9 34
0 10 45
0 11 8
0 12 87
0 13 100
0 14 10
0 15 34
0 16 95
0 17 92
0 18 49
0 19 82
0 20 13
0 21 76
0 22 29
0 24 44
0 25 62
0 26 30
0 27 73
0 28 84
0 29 73
0 30 99
0 31 24
0 32 64
0 33 49
0 34 34
0 35 34
0 36 58
0 37 76
0 38 40
0 39 28
0 40 48
0 41 61
0 42 40
0 43 53
0 44 38
0 45 33
0 46 41
0 47 59
0 48 67
0 49 68
0 50 66
0 51 33
0 52 89
0 53 56
0 54 54
0 55 76
0 56 8
0 57 62
0 58 88
0 59 41
0 60 80
0 61 28
0 62 35
0 63 50
0 64 84
0 65 70
0 66 55
0 67 56
0 68 6
0 69 69
1 0 53
1 2 72
1 3 47
1 4 31
1 5 59
1 6 1
1 7 10
1 8 100
1 9 13
1 10 17
1 11 2
1 12 82
1 13 62
1 14 59
1 15 81
1 16 67
1 17 82
1 18 1
1 19 16
1 20 62
1 21 28
1 22 73
1 23 36
1 24 41
1 25 26
1 26 47
1 27 91
1 28 22
1 29 58
1 30 21
1 31 90
1 32 24
1 33 93
1 34 87
1 35 24
1 36 10
1 37 73
1 38 50
1 39 16
1 40 3
1 41 15
1 42 94
1 43 19
1 44 25
1 45 84
1 46 22
1 47 52
1 48 9
1 49 59
1 50 67
1 51 27
1 52 75
1 53 79
1 54 69
1 55 66
1 56 34
1 57 60
1 58 3
1 59 90
1 60 44
1 61 12
1 62 1
1 63 56
1 64 42
1 65 9
1 66 50
1 67 7
1 68 10
1 69 63
2 0 59
2 1 53
2 3 61
2 4 39
2 5 70
2 6 48
2 7 14
2 8 54
2 9 22
2 10 19
2 11 96
2 12 34
2 13 2
2 14 18
2 15 82
2 17 25
2 18 87
2 19 15
2 20 26
2 21 5
2 22 26
2 23 13
2 24 47
2 25 85
2 26 64
2 27 88
2 28 46
2 29 82
2 30 63
2 31 94
2 32 12
2 33 48
2 34 13
2 35 61
2 36 87
2 37 40
2 38 40
2 39 7
2 40 19
2 41 16
2 42 85
2 43 67
2 44 26
2 45 90
2 46 45
2 47 61
2 48 59
2 49 1
2 50 32
2 51 19
2 52 75
2 53 33
2 54 55
2 55 49
2 56 42
2 57 63
2 58 8
2 59 69
2 60 76
2 61 100
2 62 41
2 63 50
2 64 35
2 65 64
2 66 97
2 67 76
2 68 18
2 69 6
3 0 55
3 1 52
3 2 95
3 4 57
3 5 46
3 6 85
3 7 14
3 8 67
3 9 84
3 10 10
3 11 19
3 12 44
3 13 56
3 14 55
3 15 60
3 16 71
3 17 95
3 18 87
3 19 55
3 20 78
3 21 3
3 22 49
3 23 84
3 24 79
3 25 33
3 26 42
3 27 96
3 28 90
3 29 83
3 30 43
3 31 2
3 32 79
3 33 88
3 34 44
3 35 89
3 36 74
3 37 28
3 38 66
3 39 26
3 40 45
3 41 81
3 42 21
3 43 12
3 44 98
3 45 95
3 46 67
3 47 24
3 48 32
3 49 53
3 50 75
3 51 48
3 52 25
3 53 10
3 54 46
3 55 67
3 56 86
3 57 42
3 58 5
3 59 87
3 60 83
3 61 50
3 62 7
3 63 51
3 64 16
3 65 56
3 66 12
3 67 49
3 68 5
3 69 18
4 0 41
4 1 33
4 2 86
4 3 7
4 5 29
4 6 2
4 7 88
4 8 54
4 9 41
4 10 83
4 11 77
4 12 75
4 13 32
4 14 29
4 15 94
4 16 85
4 17 90
4 18 74
4 19 95
4 20 12
4 21 55
4 22 3
4 23 52
4 24 50
4 25 66
4 26 35
4 27 58
4 28 26
4 29 100
4 30 77
4 31 83
4 32 65
4 33 73
4 34 41
4 35 60
4 36 43
4 37 55
4 38 87
4 39 33
4 40 37
4 41 25
4 42 56
4 43 77
4 44 36
4 45 95
4 46 81
4 47 54
4 48 84
4 49 98
4 50 22
4 51 6
4 52 24
4 53 85
4 54 64
4 55 56
4 56 52
4 57 28
4 58 80
4 59 87
4 60 78
4 61 80
4 62 10
4 63 77
4 64 77
4 65 24
4 66 17
4 67 57
4 68 2
5 0 20
5 1 75
5 2 11
5 3 17
5 4 82
5 6 72
5 7 85
5 8 63
5 9 19
5 10 91
5 11 26
5 12 51
5 13 83
5 14 27
5 15 21
5 16 62
5 17 94
5 18 38
5 19 91
5 20 14
5 21 70
5 22 14
5 23 23
5 24 33
5 25 96
5 26 13
5 27 41
5 28 41
5 29 52
5 30 26
5 31 33
5 32 91
5 33 83
5 34 36
5 35 61
5 36 78
5 37 7
5 38 59
5 39 27
5 40 9
5 41 86
5 42 90
5 43 70
5 44 34
5 45 83
5 46 4
5 47 81
5 49 10
5 50 33
5 51 69
5 52 43
5 53 90
5 54 43
5 55 69
5 56 1
5 57 4
5 58 87
5 59 84
5 60 76
5 61 61
5 62 55
5 63 27
5 64 90
5 65 20
5 66 41
5 67 37
5 68 59
5 69 92
6 0 50
6 1 53
6 2 35
6 3 66
6 4 9
6 5 27
6 7 25
6 8 42
6 9 15
6 10 8
6 11 1
6 12 29
6 13 33
6 14 68
6 15 76
6 16 85
6 17 32
6 18 48
6 19 42
6 20 1
6 21 16
6 22 32
6 23 67
6 24 40
6 25 97
6 26 50
6 27 23
6 28 66
6 29 8
6 30 90
6 31 97
6 32 10
6 33 54
6 34 71
6 35 51
6 36 5
6 37 31
6 38 38
6 39 98
6 40 56
6 41 38
6 42 15
6 43 50
6 44 64
6 45 33
6 46 71
6 47 8
6 48 38
6 49 10
6 50 40
6 51 99
6 52 10
6 53 1
6 54 43
6 55 73
6 56 30
6 57 32
6 58 94
6 59 83
6 60 21
6 61 92
6 62 7
6 63 87
6 64 52
6 65 12
6 66 70
6 67 84
6 68 4
6 69 41
7 0 19
7 1 43
7 2 20
7 3 24
7 4 92
7 5 15
7 6 77
7 8 37
7 9 55
7 10 66
7 11 34
7 12 34
7 13 82
7 14 79
7 15 74
7 16 23
7 17 18
7 18 9
7 19 88
7 20 22
7 21 51
7 22 61
7 23 41
7 24 5
7 25 24
7 26 35
7 27 19
7 28 79
7 29 85
7 30 96
7 31 37
7 32 12
7 34 2
7 35 44
7 36 9
7 37 74
7 38 68
7 39 48
7 40 17
7 41 26
7 42 99
7 43 85
7 44 59
7 45 41
7 46 74
7 47 38
7 48 47
7 49 64
7 50 31
7 51 3
7 52 43
7 53 96
7 54 28
7 55 38
7 56 10
7 57 54
7 58 75
7 59 58
7 60 85
7 61 90
7 62 64
7 63 53
7 64 48
7 65 80
7 66 43
7 67 22
7 68 12
7 69 22
8 0 83
8 1 42
8 2 64
8 3 55
8 4 11
8 5 21
8 6 10
8 7 28
8 9 66
8 10 92
8 11 27
8 12 10
8 13 98
8 14 15
8 15 72
8 16 53
8 17 38
8 18 4
8 19 39
8 20 99
8 21 49
8 22 76
8 23 78
8 24 5
8 25 4
8 26 85
8 27 20
8 28 86
8 29 82
8 30 19
8 31 74
8 32 98
8 33 4
8 34 6
8 35 47
8 36 85
8 37 11
8 38 47
8 39 16
8 40 81
8 41 31
8 42 7
8 43 31
8 44 65
8 45 71
8 46 16
8 47 22
8 48 19
8 49 35
8 50 48
8 51 32
8 52 34
8 53 3
8 54 2
8 55 62
8 56 21
8 57 45
8 58 52
8 59 29
8 60 29
8 61 47
8 62 39
8 63 21
8 64 94
8 65 10
8 66 86
8 67 10
8 68 6
8 69 72
9 0 60
9 1 41
9 2 85
9 3 7
9 4 88
9 5 93
9 6 27
9 7 57
9 8 15
9 10 20
9 11 49
9 12 78
9 13 50
9 14 17
9 15 59
9 16 98
9 17 58
9 18 99
9 19 15
9 20 17
9 21 58
9 22 73
9 23 37
9 24 47
9 25 88
9 26 83
9 27 30
9 28 83
9 29 34
9 30 93
9 31 83
9 32 70
9 33 24
9 34 47
9 35 65
9 36 70
9 37 74
9 38 46
9 39 3
9 40 44
9 41 98
9 42 6
9 43 24
9 44 81
9 45 92
9 46 81
9 47 8
9 48 56
9 49 68
9 50 41
9 51 86
9 52 93
9 53 90
9 54 77
9 55 22
9 56 72
9 57 34
9 58 5
9 59 25
9 60 18
9 61 74
9 62 60
9 63 1
9 64 21
9 65 57
9 66 75
9 67 2
9 68 80
9 69 88
10 0 74
10 1 19
10 2 82
10 3 65
10 4 74
10 5 62
10 6 63
10 7 34
10 8 14
10 9 9
10 11 64
10 12 24
10 13 5
10 14 38
10 15 67
10 16 94
10 17 2
10 18 78
10 19 84
10 20 34
10 21 21
10 22 1
10 23 92
10 24 30
10 25 73
10 26 57
10 27 48
10 28 67
10 29 4
10 30 41
10 31 20
10 32 69
10 34 32
10 35 43
10 36 60
10 37 11
10 38 82
10 39 3
10 40 46
10 41 94
10 42 92
10 43 59
10 44 55
10 45 31
10 46 94
10 47 17
10 48 81
10 49 79
10 50 7
10 51 39
10 52 31
10 53 24
10 54 47
10 55 100
10 56 92
10 57 53
10 58 73
10 59 92
10 60 50
10 61 47
10 62 23
10 63 93
10 65 13
10 66 7
10 67 41
10 68 33
10 69 22
11 0 26
11 1 85
11 2 30
11 3 16
11 4 66
11 5 59
11 6 96
11 7 83
11 8 38
11 9 48
11 10 60
11 12 16
11 13 64
11 14 8
11 15 23
11 16 61
11 17 47
11 18 34
11 19 2
11 20 33
11 21 47
11 22 78
11 23 92
11 24 38
11 25 97
11 26 75
11 27 70
11 28 91
11 29 3
11 30 53
11 31 1
11 32 64
11 33 76
11 34 42
11 35 99
11 36 49
11 37 6
11 38 74
11 39 46
11 40 79
11 41 65
11 42 100
11 43 14
11 44 28
11 45 17
11 46 61
11 47 84
11 48 34
11 49 73
11 50 52
11 51 59
11 52 22
11 53 84
11 54 88
11 55 89
11 56 30
11 57 75
11 58 73
11 59 61
11 60 45
11 61 53
11 62 11
11 63 69
11 64 37
11 65 84
11 66 45
11 67 60
11 68 57
11 69 20
12 0 96
12 1 8
12 2 3
12 3 31
12 4 34
12 5 20
12 6 62
12 7 8
12 8 75
12 9 98
12 10 84
12 11 53
12 13 10
12 14 41
12 15 37
12 16 99
12 17 50
12 18 10
12 19 81
12 20 3
12 21 23
12 22 80
12 23 46
12 24 76
12 25 77
12 26 82
12 27 67
12 28 56
12 29 63
12 30 62
12 31 10
12 32 99
12 33 74
12 34 56
12 35 11
12 36 56
12 37 50
12 38 15
12 39 25
12 40 77
12 41 59
12 42 42
12 43 72
12 44 57
12 45 28
12 46 61
12 47 45
12 48 84
12 49 16
12 50 27
12 51 11
12 52 25
12 53 23
12 54 90
12 55 72
12 56 36
12 57 76
12 58 70
12 59 49
12 60 50
12 61 54
12 62 32
12 63 44
12 64 92
12 65 47
12 66 49
12 67 78
12 68 16
12 69 95
13 0 31
13 1 3
13 2 93
13 3 17
13 4 46
13 5 20
13 6 38
13 7 20
13 8 64
13 9 57
13 10 59
13 11 41
13 12 92
13 14 72
13 15 11
13 16 11
13 17 63
13 18 15
13 19 16
13 20 27
13 21 7
13 22 20
13 23 61
13 24 80
13 25 17
13 26 66
13 27 99
13 28 25
13 29 75
13 30 90
13 31 33
13 32 29
13 33 80
13 34 59
13 35 60
13 36 66
13 37 99
13 38 75
13 39 19
13 40 65
13 41 7
13 42 34
13 43 65
13 44 22
13 45 72
13 46 6
13 47 27
13 48 50
13 49 69
13 50 10
13 51 20
13 52 96
13 53 30
13 54 18
13 55 52
13 56 21
13 57 14
13 58 88
13 59 74
13 60 13
13 61 11
13 62 13
13 63 21
13 64 67
13 65 54
13 66 96
13 67 4
13 68 69
13 69 90
14 0 13
14 1 57
14 2 56
14 3 55
14 4 30
14 5 56
14 6 72
14 7 68
14 8 88
14 9 99
14 10 26
14 11 49
14 12 8
14 13 80
14 15 3
14 16 84
14 17 36
14 18 4
14 19 100
14 20 44
14 21 27
14 22 14
14 23 45
14 24 10
14 25 48
14 26 10
14 27 52
14 28 72
14 29 98
14 30 30
14 31 10
14 32 31
14 33 82
14 34 40
14 35 98
14 36 90
14 37 34
14 38 5
14 39 78
14 40 56
14 41 94
14 42 10
14 43 59
14 44 77
14 45 23
14 46 37
14 47 42
14 48 83
14 49 49
14 50 63
14 51 8
14 52 46
14 53 22
14 54 9
14 55 81
14 56 100
14 57 73
14 58 94
14 59 22
14 60 8
14 61 36
14 62 80
14 63 27
14 64 85
14 65 99
14 66 4
14 67 23
14 68 33
14 69 83
15 0 91
15 1 63
15 2 46
15 3 80
15 4 67
15 5 90
15 6 30
15 7 44
15 8 90
15 9 65
15 10 20
15 11 3
15 12 15
15 13 77
15 14 41
15 16 41
15 17 18
15 18 5
15 19 22
15 20 91
15 21 38
15 22 35
15 24 69
15 25 66
15 26 70
15 27 46
15 28 25
15 29 6
15 30 60
15 31 36
15 32 34
15 33 38
15 34 77
15 35 25
15 36 88
15 37 26
15 38 50
15 39 20
15 40 62
15 41 76
15 42 43
15 43 9
15 44 32
15 46 13
15 47 48
15 48 89
15 49 31
15 50 7
15 51 54
15 52 83
15 53 78
15 54 55
15 55 59
15 56 45
15 57 97
15 58 52
15 59 61
15 60 83
15 61 25
15 62 58
15 63 91
15 64 78
15 65 8
15 66 67
15 67 77
15 68 90
15 69 84
16 0 14
16 1 45
16 2 75
16 3 49
16 4 73
16 5 82
16 6 31
16 7 79
16 8 82
16 9 13
16 10 21
16 11 32
16 12 72
16 13 14
16 14 7
16 15 39
16 17 67
16 18 74
16 19 83
16 20 24
16 21 99
16 22 25
16 23 95
16 24 90
16 25 47
16 26 72
16 27 73
16 28 71
16 29 11
16 30 55
16 31 82
16 32 37
16 33 22
16 34 6
16 35 78
16 36 69
16 37 90
16 38 62
16 39 33
16 40 35
16 41 11
16 42 60
16 43 28
16 44 89
16 45 24
16 46 79
16 47 9
16 48 88
16 49 38
16 50 84
16 51 25
16 52 84
16 53 8
16 54 19
16 55 29
16 56 48
16 57 19
16 58 79
16 59 55
16 60 70
16 61 1
16 62 5
16 63 7
16 64 97
16 65 68
16 66 23
16 67 25
16 68 2
16 69 57
17 0 20
17 1 63
17 2 79
17 3 35
17 4 55
17 5 38
17 6 4
17 7 87
17 8 14
17 9 80
17 10 7
17 11 21
17 12 67
17 13 26
17 14 42
17 16 56
17 18 86
17 19 54
17 20 50
17 21 20
17 22 40
17 23 82
17 24 18
17 25 30
17 26 44
17 27 64
17 28 10
17 29 65
17 30 48
17 31 37
17 32 53
17 33 45
17 34 14
17 35 55
17 36 79
17 37 70
17 38 13
17 39 36
17 40 79
17 41 52
17 42 98
17 43 20
17 44 33
17 45 62
17 46 97
17 47 77
17 48 78
17 49 53
17 50 70
17 51 88
17 52 44
17 53 91
17 54 51
17 55 52
17 56 55
17 57 6
17 58 77
17 59 61
17 60 47
17 61 7
17 62 2
17 63 81
17 64 80
17 65 6
17 66 34
17 67 45
17 68 20
17 69 51
18 0 89
18 1 22
18 2 44
18 3 70
18 4 8
18 5 72
18 6 97
18 7 97
18 8 66
18 9 92
18 10 51
18 11 44
18 12 46
18 13 74
18 14 78
18 15 45
18 16 5
18 17 61
18 19 20
18 20 87
18 21 30
18 22 21
18 23 10
18 24 73
18 25 64
18 26 98
18 27 33
18 28 44
18 29 66
18 30 19
18 31 20
18 32 24
18 33 62
18 34 10
18 35 9
18 36 35
18 37 100
18 38 41
18 39 9
18 40 76
18 41 100
18 42 75
18 43 44
18 44 56
18 45 37
18 46 83
18 47 93
18 48 97
18 49 63
18 50 30
18 51 87
18 52 72
18 53 50
18 54 69
18 55 9
18 56 99
18 57 14
18 58 64
18 59 86
18 60 80
18 61 44
18 62 26
18 63 78
18 64 34
18 65 62
18 66 7
18 67 3
18 68 9
18 69 39
19 0 100
19 1 28
19 2 93
19 3 68
19 4 51
19 5 45
19 6 31
19 7 48
19 8 94
19 9 6
19 10 71
19 11 16
19 12 56
19 13 89
19 14 89
19 15 22
19 16 13
19 17 79
19 18 46
19 20 38
19 21 40
19 22 57
19 23 99
19 24 85
19 25 65
19 26 51
19 27 71
19 28 15
19 29 92
19 30 79
19 31 62
19 32 22
19 33 11
19 34 70
19 35 11
19 36 4
19 37 66
19 38 94
19 39 13
19 40 46
19 41 50
19 42 40
19 43 79
19 44 2
19 45 86
19 46 71
19 47 6
19 48 69
19 49 32
19 50 59
19 51 43
19 52 21
19 53 15
19 54 92
19 55 33
19 56 20
19 57 98
19 58 18
19 59 99
19 60 65
19 61 68
19 62 95
19 63 35
19 64 75
19 65 77
19 66 17
19 67 56
19 68 22
19 69 89
20 0 29
20 1 33
20 2 12
20 3 97
20 4 94
20 5 46
20 6 77
20 7 1
20 8 91
20 9 36
20 10 91
20 11 68
20 12 71
20 13 33
20 14 71
20 15 92
20 16 44
20 17 58
20 18 14
20 19 14
20 21 1
20 22 65
20 23 28
20 24 62
20 25 77
20 26 51
20 27 12
20 28 85
20 29 8
20 30 77
20 31 98
20 32 4
20 33 70
20 34 92
20 35 18
20 36 83
20 37 69
20 38 1
20 39 20
20 40 3
20 41 49
20 42 56
20 43 33
20 44 10
20 45 56
20 46 38
20 47 67
20 48 98
20 49 68
20 50 93
20 51 53
20 52 9
20 53 3
20 54 82
20 55 28
20 56 79
20 57 75
20 58 66
20 59 73
20 60 41
20 61 59
20 62 2
20 63 76
20 64 78
20 65 10
20 66 49
20 67 52
20 68 68
20 69 56
21 0 17
21 1 81
21 2 72
21 3 17
21 4 81
21 5 37
21 6 86
21 7 76
21 8 64
21 9 58
21 10 89
21 11 54
21 12 15
21 13 12
21 14 47
21 15 50
21 16 4
21 17 65
21 18 7
21 19 21
21 20 13
21 22 79
21 23 48
21 24 32
21 25 6
21 26 88
21 27 70
21 28 45
21 29 44
21 30 5
21 31 3
21 32 50
21 33 26
21 34 91
21 35 62
21 36 88
21 37 57
21 38 2
21 39 28
21 40 89
21 41 10
21 43 96
21 44 42
21 45 94
21 46 95
21 47 5
21 48 94
21 49 78
21 50 84
21 51 75
21 53 30
21 54 37
21 55 7
21 56 77
21 57 100
21 58 47
21 59 97
21 60 46
21 61 3
21 62 15
21 63 46
21 64 58
21 65 43
21 66 27
21 67 79
21 68 64
21 69 69
22 0 23
22 1 78
22 2 48
22 3 61
22 4 2
22 5 16
22 6 42
22 7 29
22 8 44
22 9 83
22 10 22
22 11 86
22 12 99
22 13 72
22 14 79
22 16 3
22 17 57
22 18 93
22 19 48
22 20 65
22 21 2
22 23 46
22 24 5
22 25 6
22 26 47
22 27 85
22 28 43
22 29 4
22 30 67
22 31 48
22 32 9
22 33 82
22 34 83
22 35 46
22 36 34
22 37 7
22 38 1
22 39 7
22 40 63
22 41 85
22 42 66
22 43 4
22 44 15
22 45 85
22 46 30
22 47 4
22 48 90
22 49 94
22 50 41
22 51 50
22 52 98
22 53 22
22 54 17
22 55 89
22 56 72
22 57 54
22 58 19
22 59 96
22 60 8
22 61 76
22 62 3
22 63 73
22 64 11
22 65 47
22 66 71
22 67 50
22 68 47
22 69 59
23 0 41
23 1 47
23 2 31
23 3 57
23 4 84
23 5 51
23 6 9
23 7 82
23 8 88
23 9 17
23 10 60
23 11 20
23 12 96
23 13 84
23 14 19
23 15 36
23 16 57
23 17 75
23 18 34
23 19 53
23 20 75
23 22 89
23 24 98
23 25 81
23 26 47
23 27 22
23 28 68
23 29 100
23 30 19
23 31 28
23 32 24
23 33 43
23 34 70
23 35 29
23 36 100
23 37 79
23 38 25
23 39 37
23 40 5
23 41 30
23 42 22
23 43 100
23 44 49
23 45 2
23 46 30
23 47 55
23 48 73
23 49 49
23 50 100
23 51 52
23 52 63
23 53 39
23 54 99
23 55 30
23 56 91
23 57 20
23 58 68
23 59 41
23 60 61
23 61 82
23 62 38
23 63 80
23 64 69
23 65 80
23 66 51
23 67 62
23 68 69
23 69 52
24 0 80
24 1 50
24 2 100
24 3 73
24 4 67
24 5 96
24 6 77
24 7 3
24 8 14
24 9 72
24 10 96
24 11 17
24 12 88
24 13 61
24 14 70
24 15 68
24 16 20
24 17 18
24 18 16
24 19 18
24 20 91
24 21 91
24 22 7
24 23 5
24 25 64
24 26 19
24 27 17
24 28 33
24 29 24
24 30 3
24 31 30
24 32 57
24 33 36
24 34 2
24 35 8
24 36 17
24 37 15
24 38 98
24 39 92
24 40 45
24 41 11
24 42 17
24 43 31
24 44 1
24 45 38
24 46 44
24 47 58
24 48 86
24 49 46
24 50 26
24 51 33
24 52 96
24 53 10
24 54 17
24 55 28
24 56 8
24 57 20
24 58 23
24 59 29
24 60 70
24 61 64
24 62 22
24 63 10
24 64 97
24 65 40
24 66 15
24 67 16
24 68 35
24 69 1
25 0 72
25 1 28
25 2 42
25 3 99
25 4 29
25 5 84
25 6 8
25 7 4
25 8 82
25 9 65
25 10 44
25 11 82
25 12 50
25 13 4
25 15 18
25 16 26
25 17 38
25 18 94
25 19 36
25 20 27
25 21 39
25 22 69
25 23 30
25 24 72
25 26 3
25 27 39
25 28 54
25 29 24
25 30 75
25 31 49
25 32 55
25 33 42
25 34 55
25 35 97
25 36 4
25 37 20
25 38 50
25 39 27
25 40 66
25 41 6
25 42 36
25 43 20
25 44 11
25 45 88
25 46 68
25 47 32
25 48 10
25 49 54
25 50 96
25 51 95
25 52 55
25 53 93
25 54 12
25 55 42
25 56 47
25 57 17
25 58 33
25 59 71
25 60 31
25 61 84
25 62 43
25 63 29
25 64 76
25 65 71
25 66 21
25 67 78
25 68 46
25 69 60
26 0 78
26 1 90
26 2 43
26 3 64
26 4 16
26 5 25
26 6 31
26 7 87
26 8 2
26 9 50
26 10 24
26 11 89
26 12 59
26 13 7
26 14 65
26 15 72
26 16 43
26 17 74
26 18 52
26 19 40
26 20 54
26 21 77
26 22 49
26 23 78
26 24 73
26 25 98
26 27 99
26 28 82
26 29 33
26 30 23
26 31 53
26 32 12
26 33 29
26 34 26
26 35 53
26 36 8
26 37 17
26 38 16
26 39 60
26 40 41
26 41 79
26 42 13
26 43 78
26 44 12
26 45 12
26 46 7
26 47 51
26 48 68
26 49 37
26 50 86
26 51 9
26 52 39
26 53 18
26 54 20
26 55 86
26 56 56
26 57 76
26 58 23
26 59 100
26 60 92
26 61 21
26 62 15
26 63 56
26 64 73
26 65 20
26 66 84
26 67 18
26 68 76
26 69 8
27 0 39
27 1 93
27 2 48
27 3 39
27 4 76
27 5 53
27 6 80
27 7 75
27 8 38
27 9 83
27 10 43
27 11 93
27 12 61
27 13 42
27 14 29
27 15 49
27 16 76
27 17 59
27 18 69
27 19 25
27 20 23
27 21 67
27 22 56
27 23 71
27 24 33
27 25 87
27 26 8
27 28 15
27 29 82
27 30 18
27 31 21
27 32 90
27 33 22
27 34 93
27 35 7
27 36 77
27 37 45
27 38 90
27 39 90
27 40 66
27 41 96
27 42 91
27 43 74
27 44 52
27 45 77
27 46 67
27 47 83
27 48 2
27 49 97
27 51 13
27 52 84
27 53 2
27 54 53
27 55 56
27 56 87
27 57 71
27 58 72
27 59 15
27 60 98
27 61 90
27 62 19
27 63 54
27 64 36
27 65 30
27 66 13
27 67 10
27 68 61
27 69 60
28 0 44
28 1 74
28 2 9
28 3 74
28 4 41
28 5 84
28 6 84
28 7 90
28 8 81
28 9 31
28 10 7
28 11 75
28 12 10
28 13 76
28 14 81
28 15 68
28 16 49
28 17 97
28 18 39
28 19 74
28 20 73
28 21 19
28 23 9
28 24 83
28 25 70
28 26 72
28 27 41
28 29 52
28 30 18
28 31 84
28 32 94
28 33 28
28 34 29
28 35 98
28 36 55
28 37 94
28 38 97
28 39 45
28 40 32
28 41 30
28 42 18
28 43 6
28 44 33
28 45 90
28 46 32
28 47 24
28 48 83
28 49 39
28 50 10
28 51 68
28 52 66
28 53 63
28 54 4
28 55 79
28 56 74
28 57 33
28 58 58
28 59 46
28 60 66
28 61 75
28 62 82
28 63 68
28 64 43
28 65 92
28 66 71
28 67 68
28 68 30
28 69 53
29 0 22
29 1 31
29 2 37
29 3 58
29 4 60
29 5 5
29 6 97
29 7 81
29 8 3
29 9 3
29 10 51
29 11 19
29 12 49
29 13 20
29 14 7
29 15 63
29 16 6
29 17 45
29 18 78
29 19 22
29 20 46
29 21 88
29 22 69
29 23 97
29 24 30
29 25 49
29 26 48
29 27 69
29 28 33
29 30 87
29 31 73
29 32 73
29 33 92
29 34 39
29 35 13
29 36 37
29 37 55
29 38 48
29 39 76
29 40 81
29 41 25
29 42 10
29 43 10
29 44 44
29 45 59
29 46 42
29 47 77
29 48 17
29 49 62
29 50 63
29 51 58
29 52 73
29 53 94
29 54 80
29 55 4
29 56 98
29 57 79
29 58 69
29 59 55
29 60 73
29 61 69
29 62 59
29 63 76
29 64 7
29 65 51
29 66 36
29 67 29
29 68 90
29 69 75
30 0 17
30 1 65
30 2 43
30 3 65
30 4 15
30 5 40
30 6 13
30 7 27
30 8 32
30 9 94
30 10 56
30 11 58
30 12 59
30 13 71
30 14 86
30 15 34
30 16 6
30 17 37
30 18 21
30 19 95
30 20 57
30 21 16
30 22 23
30 24 90
30 25 93
30 26 85
30 27 75
30 28 42
30 29 50
30 32 45
30 33 98
30 35 12
30 36 14
30 37 60
30 38 82
30 39 61
30 40 51
30 41 16
30 42 93
30 43 79
30 44 53
30 45 21
30 46 43
30 47 8
30 48 63
30 49 26
30 50 32
30 51 63
30 52 13
30 53 17
30 54 24
30 55 47
30 56 25
30 57 33
30 58 54
30 59 18
30 60 33
30 61 93
30 62 23
30 63 49
30 64 5
30 65 49
30 66 16
30 67 97
30 68 46
30 69 100
31 0 38
31 1 73
31 2 16
31 3 49
31 4 20
31 5 26
31 6 7
31 7 39
31 8 75
31 9 27
31 10 68
31 11 36
31 12 69
31 13 31
31 14 74
31 15 66
31 16 63
31 17 3
31 18 49
31 19 10
31 20 37
31 21 58
31 22 88
31 23 59
31 24 94
31 25 34
31 26 60
31 27 2
31 28 92
31 29 36
31 30 5
31 32 53
31 33 28
31 34 4
31 35 76
31 36 90
31 37 35
31 38 22
31 39 77
31 40 10
31 41 77
31 42 61
31 43 49
31 44 78
31 45 56
31 46 58
31 47 54
31 48 2
31 49 51
31 50 22
31 51 58
31 52 71
31 53 52
31 54 72
31 55 51
31 56 75
31 57 26
31 58 91
31 59 64
31 60 67
31 61 21
31 62 30
31 63 31
31 64 4
31 65 45
31 66 48
31 67 81
31 68 89
31 69 100
32 0 56
32 1 93
32 2 85
32 3 23
32 4 11
32 5 15
32 6 60
32 7 1
32 8 69
32 9 86
32 10 16
32 11 94
32 12 58
32 13 7
32 14 12
32 15 91
32 16 46
32 17 91
32 18 39
32 20 81
32 21 63
32 22 19
32 23 66
32 24 93
32 25 64
32 26 87
32 27 27
32 28 94
32 29 90
32 30 32
32 31 75
32 33 53
32 34 3
32 35 15
32 36 72
32 37 8
32 38 56
32 39 81
32 40 72
32 41 27
32 42 55
32 43 98
32 44 32
32 45 46
32 46 47
32 47 91
32 48 37
32 49 92
32 50 54
32 51 55
32 52 83
32 53 70
32 54 18
32 55 72
32 56 38
32 57 22
32 58 93
32 59 83
32 60 13
32 61 50
32 62 11
32 63 25
32 64 40
32 65 5
32 66 91
32 67 59
32 68 68
32 69 15
33 0 44
33 1 51
33 2 63
33 3 30
33 4 97
33 5 74
33 6 43
33 7 98
33 8 22
33 9 7
33 10 54
33 11 59
33 12 64
33 13 71
33 14 62
33 15 50
33 16 22
33 17 47
33 18 46
33 19 91
33 20 29
33 21 38
33 22 80
33 23 44
33 24 96
33 25 73
33 26 35
33 27 38
33 28 95
33 29 38
33 30 55
33 31 87
33 32 75
33 34 28
33 35 87
33 36 24
33 37 61
33 38 53
33 39 31
33 40 86
33 41 100
33 42 82
33 43 35
33 44 5
33 45 99
33 46 61
33 47 81
33 49 81
33 50 1
33 51 27
33 52 87
33 53 42
33 54 15
33 55 33
33 56 36
33 57 7
33 58 95
33 59 85
33 60 7
33 61 71
33 62 94
33 63 75
33 64 25
33 65 82
33 66 83
33 67 10
33 68 32
33 69 6
34 0 29
34 1 44
34 2 33
34 3 78
34 4 30
34 5 64
34 6 87
34 7 71
34 8 72
34 9 81
34 10 22
34 11 9
34 12 12
34 13 32
34 14 70
34 15 23
34 16 64
34 17 64
34 18 38
34 19 92
34 20 57
34 21 11
34 22 64
34 23 13
34 24 88
34 25 65
34 26 67
34 27 26
34 28 9
34 29 54
34 30 30
34 31 50
34 32 87
34 33 99
34 35 34
34 36 44
34 37 89
34 38 32
34 39 51
34 40 24
34 41 54
34 42 73
34 43 63
34 44 82
34 45 52
34 46 70
34 47 23
34 48 35
34 49 6
34 50 63
34 51 84
34 52 64
34 53 91
34 54 19
34 55 9
34 56 75
34 57 24
34 58 61
34 59 18
34 60 12
34 61 90
34 62 81
34 63 13
34 64 99
34 65 12
34 66 51
34 67 12
34 68 94
34 69 41
35 0 100
35 1 2
35 2 76
35 3 17
35 4 65
35 5 54
35 6 13
35 7 89
35 8 30
35 9 79
35 10 88
35 11 26
35 12 22
35 13 55
35 14 41
35 15 67
35 16 41
35 17 96
35 18 50
35 19 71
35 20 35
35 21 35
35 22 67
35 23 83
35 24 57
35 25 52
35 26 91
35 27 66
35 28 83
35 29 9
35 30 55
35 31 46
35 32 78
35 33 90
35 34 65
35 36 80
35 37 81
35 38 25
35 39 36
35 40 18
35 41 93
35 42 45
35 43 16
35 44 24
35 45 83
35 46 39
35 47 26
35 48 34
35 49 100
35 50 55
35 51 12
35 52 29
35 53 17
35 54 45
35 55 19
35 56 15
35 57 49
35 58 90
35 59 20
35 60 98
35 61 9
35 62 80
35 63 76
35 64 98
35 65 24
35 66 47
35 67 77
35 68 68
35 69 11
36 0 60
36 1 65
36 2 69
36 3 36
36 4 48
36 5 6
36 7 83
36 8 48
36 9 4
36 10 66
36 11 3
36 12 92
36 13 35
36 14 89
36 15 32
36 16 39
36 17 82
36 18 89
36 19 83
36 20 86
36 21 90
36 22 38
36 23 99
36 24 40
36 25 25
36 26 100
36 27 75
36 28 34
36 29 39
36 30 67
36 31 70
36 32 8
36 33 30
36 34 53
36 35 81
36 37 75
36 38 30
36 39 55
36 40 86
36 41 43
36 42 18
36 43 73
36 44 85
36 45 33
36 46 97
36 47 78
36 48 64
36 49 47
36 50 72
36 51 45
36 52 3
36 53 61
36 54 60
36 55 63
36 56 55
36 57 76
36 58 5
36 59 40
36 60 95
36 61 15
36 62 41
36 63 10
36 64 81
36 65 22
36 66 25
36 67 53
36 68 82
36 69 48
37 0 5
37 1 99
37 2 88
37 3 65
37 4 19
37 5 10
37 6 11
37 7 44
37 8 4
37 9 79
37 10 61
37 11 3
37 12 88
37 13 71
37 14 62
37 15 94
37 16 7
37 17 13
37 18 67
37 19 1
37 20 45
37 21 42
37 22 94
37 23 1
37 24 96
37 25 4
37 26 59
37 27 43
37 28 32
37 29 34
37 30 86
37 31 96
37 32 89
37 33 87
37 34 99
37 35 59
37 36 88
37 38 83
37 39 92
37 40 44
37 41 66
37 42 36
37 43 35
37 44 99
37 45 91
37 46 78
37 47 11
37 48 36
37 49 35
37 50 99
37 51 14
37 52 5
37 53 63
37 54 24
37 55 14
37 56 83
37 57 72
37 58 38
37 59 31
37 60 54
37 61 62
37 62 26
37 63 48
37 64 88
37 65 37
37 66 77
37 67 91
37 68 44
37 69 3
38 0 33
38 1 69
38 2 9
38 3 81
38 4 30
38 5 7
38 6 25
38 7 64
38 8 46
38 9 94
38 10 47
38 11 74
38 12 57
38 13 72
38 14 14
38 15 57
38 16 5
38 17 20
38 18 31
38 19 78
38 20 8
38 21 91
38 22 30
38 23 72
38 24 49
38 25 91
38 26 63
38 27 87
38 28 26
38 29 84
38 30 66
38 31 66
38 32 57
38 33 73
38 34 40
38 35 31
38 36 45
38 37 6
38 39 74
38 40 30
38 41 65
38 42 44
38 43 85
38 44 12
38 45 97
38 46 53
38 47 32
38 48 82
38 49 13
38 50 18
38 51 83
38 52 9
38 53 41
38 54 65
38 55 51
38 56 39
38 57 6
38 58 82
38 59 16
38 60 3
38 61 69
38 62 53
38 63 63
38 64 11
38 65 58
38 66 74
38 67 30
38 68 26
38 69 75
39 0 77
39 1 23
39 2 24
39 3 70
39 4 64
39 5 54
39 6 76
39 7 43
39 8 33
39 9 47
39 10 28
39 11 36
39 12 77
39 13 16
39 14 17
39 15 30
39 16 23
39 17 69
39 18 23
39 19 2
39 20 83
39 21 7
39 22 89
39 23 5
39 24 45
39 25 82
39 26 6
39 27 93
39 28 37
39 29 70
39 30 87
39 31 38
39 32 61
39 33 94
39 34 96
39 35 38
39 36 96
39 37 45
39 38 19
39 40 30
39 41 29
39 42 12
39 43 71
39 44 84
39 45 80
39 46 59
39 47 82
39 48 25
39 49 99
39 50 78
39 51 85
39 52 1
39 53 28
39 54 43
39 55 72
39 56 40
39 57 52
39 58 63
39 59 95
39 60 77
39 61 8
39 62 34
39 63 23
39 64 52
39 65 58
39 66 50
39 67 51
39 68 48
39 69 7
40 0 75
40 1 41
40 2 56
40 3 63
40 4 82
40 5 43
40 6 100
40 7 100
40 8 41
40 9 85
40 10 41
40 11 46
40 12 51
40 13 26
40 14 90
40 15 14
40 16 59
40 17 81
40 18 25
40 19 19
40 20 7
40 21 36
40 22 65
40 23 36
40 24 70
40 25 77
40 27 9
40 28 90
40 29 68
40 30 96
40 31 28
40 32 25
40 33 51
40 34 40
40 35 73
40 36 65
40 37 80
40 38 66
40 39 73
40 41 23
40 42 100
40 43 31
40 44 93
40 45 58
40 46 7
40 47 61
40 48 66
40 49 47
40 50 63
40 51 24
40 52 16
40 53 64
40 54 48
40 55 8
40 56 14
40 57 85
40 58 49
40 59 63
40 60 47
40 61 16
40 62 4
40 63 19
40 64 52
40 65 79
40 66 11
40 67 27
40 68 63
40 69 51
41 0 96
41 1 66
41 2 58
41 3 22
41 4 67
41 5 57
41 6 39
41 7 21
41 8 29
41 9 99
41 10 26
41 11 71
41 12 71
41 13 37
41 14 99
41 15 42
41 16 41
41 17 96
41 18 46
41 19 72
41 20 24
41 21 33
41 22 91
41 23 12
41 24 66
41 25 46
41 26 61
41 27 38
41 28 26
41 29 26
41 30 63
41 31 42
41 32 69
41 33 81
41 34 81
41 35 58
41 36 16
41 37 27
41 38 39
41 39 46
41 40 50
41 42 19
41 43 62
41 44 81
41 45 15
41 46 42
41 47 33
41 48 76
41 49 47
41 50 8
41 51 14
41 52 7
41 53 97
41 54 18
41 55 36
41 56 93
41 57 49
41 58 64
41 59 15
41 60 89
41 61 67
41 62 4
41 63 95
41 64 2
41 65 75
41 66 32
41 67 9
41 68 80
41 69 91
42 0 59
42 1 68
42 2 62
42 3 34
42 4 46
42 5 55
42 6 48
42 7 64
42 8 100
42 9 31
42 10 25
42 11 91
42 12 83
42 13 12
42 14 47
42 15 97
42 16 5
42 17 51
42 18 21
42 19 72
42 20 36
42 21 28
42 22 99
42 23 42
42 24 23
42 25 7
42 26 39
42 27 39
42 28 11
42 29 61
42 30 79
42 31 84
42 32 15
42 33 63
42 34 90
42 35 2
42 36 80
42 37 38
42 38 53
42 39 8
42 40 1
42 41 92
42 43 49
42 44 8
42 45 45
42 46 33
42 47 93
42 48 75
42 49 96
42 50 19
42 51 9
42 52 88
42 53 14
42 54 90
42 55 99
42 56 56
42 57 30
42 58 28
42 59 56
42 60 83
42 61 62
42 62 38
42 63 23
42 64 68
42 65 86
42 66 32
42 67 30
42 68 14
42 69 32
43 0 62
43 1 10
43 2 91
43 3 81
43 4 21
43 5 64
43 6 100
43 7 80
43 8 83
43 9 61
43 10 91
43 11 62
43 12 51
43 13 100
43 14 33
43 15 16
43 16 39
43 17 74
43 18 54
43 19 5
43 20 60
43 22 41
43 23 59
43 24 76
43 25 66
43 26 72
43 27 13
43 28 37
43 29 81
43 30 80
43 31 48
43 32 87
43 33 54
43 34 6
43 35 41
43 36 99
43 37 73
43 38 49
43 39 98
43 40 47
43 41 18
43 42 54
43 44 14
43 45 60
43 46 55
43 47 85
43 48 13
43 49 63
43 50 59
43 51 85
43 52 20
43 53 88
43 54 73
43 55 100
43 56 65
43 57 30
43 58 29
43 59 88
43 60 45
43 61 14
43 62 96
43 63 10
43 64 61
43 65 79
43 66 90
43 67 24
43 68 65
43 69 76
44 0 31
44 1 79
44 2 61
44 3 95
44 4 97
44 5 83
44 6 13
44 7 63
44 8 98
44 9 98
44 10 31
44 11 93
44 12 37
44 13 59
44 14 82
44 15 50
44 16 55
44 17 70
44 18 83
44 19 38
44 20 24
44 21 14
44 22 55
44 23 65
44 24 69
44 25 7
44 26 59
44 27 96
44 28 88
44 29 65
44 30 22
44 31 30
44 32 73
44 33 33
44 34 82
44 35 5
44 36 90
44 37 16
44 38 99
44 39 78
44 40 91
44 41 12
44 42 2
44 43 17
44 45 77
44 46 85
44 47 46
44 48 98
44 49 96
44 50 11
44 51 37
44 52 48
44 53 64
44 54 81
44 55 80
44 56 58
44 57 50
44 58 60
44 59 51
44 60 85
44 61 25
44 62 76
44 63 74
44 64 75
44 65 13
44 66 3
44 67 31
44 68 55
44 69 16
45 0 60
45 1 66
45 2 76
45 3 82
45 4 3
45 5 86
45 6 81
45 7 86
45 8 16
45 9 14
45 10 78
45 11 94
45 12 100
45 13 3
45 14 27
45 15 66
45 16 14
45 17 91
45 18 99
45 19 33
45 20 68
45 21 78
45 22 22
45 23 92
45 24 74
45 25 47
45 26 97
45 27 25
45 28 12
45 29 18
45 30 38
45 31 96
45 32 62
45 33 78
45 34 38
45 35 7
45 36 76
45 37 12
45 38 53
45 39 86
45 40 99
45 41 7
45 42 8
45 43 67
45 44 50
45 46 61
45 47 37
45 48 81
45 49 75
45 50 69
45 51 64
45 52 94
45 53 64
45 54 83
45 55 1
45 56 44
45 57 71
45 58 68
45 59 54
45 60 38
45 61 69
45 62 20
45 63 50
45 64 27
45 65 56
45 66 28
45 67 99
45 68 73
45 69 11
46 0 26
46 1 71
46 2 60
46 3 7
46 4 96
46 5 10
46 6 70
46 7 100
46 8 57
46 9 40
46 10 72
46 12 99
46 13 46
46 14 42
46 15 41
46 16 59
46 17 89
46 18 5
46 19 11
46 20 18
46 21 49
46 22 50
46 23 46
46 24 65
46 25 21
46 26 83
46 27 44
46 28 87
46 29 89
46 30 42
46 31 11
46 32 29
46 33 91
46 34 83
46 35 43
46 36 85
46 37 44
46 38 2
46 39 71
46 40 91
46 41 7
46 42 26
46 43 10
46 44 100
46 45 58
46 47 39
46 48 41
46 49 97
46 50 80
46 51 22
46 52 97
46 53 83
46 54 24
46 55 61
46 56 28
46 57 1
46 58 30
46 59 21
46 60 97
46 61 36
46 62 24
46 63 17
46 65 56
46 66 57
46 67 39
46 68 6
46 69 76
47 0 53
47 1 100
47 2 28
47 3 52
47 4 36
47 5 93
47 6 45
47 7 58
47 8 14
47 9 8
47 10 84
47 11 55
47 12 77
47 13 50
47 14 86
47 15 78
47 16 88
47 17 36
47 18 69
47 19 62
47 20 79
47 21 39
47 22 6
47 23 10
47 24 89
47 25 4
47 26 53
47 27 66
47 28 12
47 29 39
47 30 88
47 31 83
47 32 1
47 33 50
47 34 65
47 35 46
47 36 89
47 37 9
47 39 53
47 40 74
47 41 11
47 42 9
47 43 22
47 44 89
47 45 65
47 46 70
47 48 74
47 49 1
47 50 77
47 51 9
47 52 75
47 53 23
47 54 65
47 55 3
47 56 61
47 57 62
47 58 55
47 59 23
47 60 88
47 61 64
47 62 18
47 63 87
47 64 83
47 65 63
47 66 62
47 67 100
47 68 30
47 69 68
48 0 40
48 1 61
48 2 44
48 3 49
48 4 63
48 5 41
48 6 78
48 7 24
48 8 62
48 9 52
48 10 16
48 11 52
48 12 64
48 13 60
48 14 3
48 15 59
48 16 70
48 17 60
48 18 46
48 19 59
48 20 8
48 21 57
48 22 75
48 23 51
48 24 92
48 25 14
48 26 36
48 27 10
48 28 29
48 29 40
48 30 89
48 31 12
48 32 43
48 33 26
48 34 71
48 35 37
48 36 49
48 37 74
48 38 55
48 39 92
48 40 97
48 41 10
48 42 55
48 43 39
48 44 8
48 45 76
48 46 65
48 47 13
48 49 100
48 50 6
48 51 9
48 52 2
48 53 2
48 54 100
48 55 76
48 56 70
48 57 2
48 58 95
48 59 82
48 60 12
48 61 13
48 62 12
48 63 65
48 64 89
48 65 52
48 66 63
48 67 38
48 68 43
48 69 62
49 0 67
49 1 88
49 2 40
49 3 59
49 4 55
49 5 16
49 6 6
49 7 27
49 8 4
49 9 60
49 10 10
49 11 11
49 12 44
49 13 83
49 14 74
49 15 65
49 16 24
49 17 26
49 18 53
49 19 54
49 20 86
49 21 91
49 22 95
49 23 98
49 24 66
49 25 64
49 26 35
49 27 54
49 28 50
49 29 47
49 30 59
49 31 40
49 32 56
49 33 67
49 34 37
49 35 43
49 36 29
49 37 22
49 38 73
49 39 62
49 40 35
49 41 68
49 42 5
49 43 42
49 44 53
49 45 40
49 46 16
49 47 73
49 48 21
49 50 38
49 51 64
49 52 10
49 53 37
49 54 8
49 55 26
49 56 52
49 57 1
49 58 5
49 59 53
49 60 1
49 61 79
49 62 11
49 63 42
49 64 100
49 65 80
49 66 83
49 67 45
49 68 60
49 69 46
50 0 86
50 1 75
50 2 79
50 3 15
50 4 70
50 5 79
50 6 52
50 7 92
50 8 7
50 9 14
50 10 57
50 11 58
50 12 3
50 13 83
50 14 28
50 15 47
50 16 59
50 17 29
50 18 30
50 19 54
50 20 49
50 21 27
50 22 81
50 23 10
50 24 23
50 25 4
50 26 97
50 27 100
50 28 79
50 29 85
50 30 88
50 31 49
50 32 30
50 33 40
50 35 98
50 36 55
50 37 37
50 38 70
50 39 15
50 40 85
50 41 62
50 42 58
50 43 23
50 44 82
50 45 89
50 46 87
50 47 11
50 48 77
50 49 41
50 51 48
50 52 46
50 53 7
50 54 86
50 55 57
50 56 88
50 57 23
50 58 24
50 59 44
50 60 73
50 61 38
50 62 14
50 63 74
50 64 99
50 65 37
50 66 50
50 67 63
50 68 65
50 69 2
51 0 14
51 1 41
51 2 27
51 3 63
51 4 23
51 5 9
51 6 29
51 7 66
51 8 26
51 9 52
51 10 91
51 11 96
51 12 93
51 13 22
51 14 55
51 15 59
51 16 24
51 17 47
51 18 42
51 19 31
51 20 95
51 21 79
51 22 63
51 23 96
51 24 15
51 25 75
51 26 60
51 27 97
51 28 1
51 29 90
51 30 54
51 31 42
51 32 60
51 33 62
51 34 50
51 35 54
51 36 56
51 37 48
51 38 29
51 39 29
51 40 76
51 41 67
51 42 16
51 43 17
51 44 24
51 45 48
51 46 14
51 47 81
51 48 3
51 49 43
51 50 11
51 52 47
51 53 42
51 54 46
51 55 23
51 56 15
51 57 56
51 58 89
51 59 37
51 60 73
51 61 93
51 62 64
51 63 4
51 64 66
51 65 50
51 66 68
51 67 89
51 68 92
51 69 17
52 0 98
52 1 51
52 2 100
52 3 38
52 4 29
52 5 15
52 6 13
52 7 21
52 8 72
52 9 97
52 10 8
52 11 93
52 12 91
52 13 28
52 14 39
52 15 9
52 16 49
52 17 28
52 18 43
52 19 72
52 20 11
52 21 97
52 22 61
52 23 84
52 24 59
52 25 2
52 26 25
52 27 94
52 28 8
52 29 12
52 30 21
52 31 6
52 32 89
52 33 81
52 34 88
52 35 94
52 36 28
52 37 86
52 38 90
52 39 18
52 40 99
52 41 52
52 42 76
52 43 71
52 44 5
52 45 34
52 46 2
52 47 1
52 48 49
52 49 24
52 50 10
52 51 48
52 53 48
52 54 99
52 55 3
52 56 68
52 57 89
52 58 71
52 59 9
52 60 10
52 61 25
52 62 72
52 63 36
52 64 91
52 65 72
52 66 8
52 67 64
52 68 99
52 69 45
53 0 85
53 1 58
53 2 26
53 3 90
53 4 47
53 5 62
53 6 1
53 7 1
53 8 23
53 9 90
53 10 91
53 11 32
53 12 53
53 13 91
53 14 69
53 15 1
53 16 18
53 17 29
53 18 82
53 19 24
53 20 56
53 21 49
53 22 46
53 23 66
53 24 24
53 25 15
53 26 38
53 27 95
53 28 34
53 29 21
53 30 42
53 31 26
53 32 43
53 33 87
53 34 39
53 35 46
53 36 34
53 37 7
53 38 31
53 39 70
53 40 47
53 41 63
53 42 42
53 43 27
53 44 97
53 45 44
53 46 94
53 47 19
53 48 92
53 49 61
53 50 38
53 51 37
53 52 28
53 54 92
53 55 75
53 56 46
53 58 29
53 59 3
53 60 100
53 61 87
53 62 26
53 63 66
53 64 62
53 65 22
53 66 99
53 67 27
53 68 40
53 69 15
54 0 94
54 1 100
54 2 1
54 3 39
54 4 44
54 5 89
54 6 18
54 7 86
54 8 85
54 9 77
54 10 81
54 11 22
54 12 47
54 13 43
54 14 67
54 15 83
54 16 40
54 17 58
54 18 79
54 19 99
54 20 38
54 21 75
54 22 21
54 23 17
54 24 43
54 25 69
54 26 4
54 27 6
54 28 91
54 29 13
54 30 90
54 31 72
54 32 79
54 33 54
54 34 64
54 35 53
54 36 27
54 37 78
54 38 87
54 39 32
54 40 10
54 41 49
54 42 61
54 43 51
54 44 25
54 45 1
54 46 36
54 47 30
54 48 3
54 49 22
54 50 62
54 51 2
54 52 78
54 53 74
54 55 11
54 56 63
54 57 21
54 58 11
54 59 29
54 60 82
54 61 28
54 62 6
54 63 40
54 64 77
54 65 70
54 66 47
54 67 75
54 68 69
54 69 59
55 0 39
55 1 32
55 2 47
55 3 8
55 4 34
55 5 57
55 6 60
55 7 90
55 8 77
55 9 47
55 10 70
55 11 61
55 12 99
55 13 68
55 14 15
55 15 37
55 16 75
55 17 55
55 18 66
55 19 4
55 20 71
55 21 48
55 22 49
55 23 80
55 24 88
55 25 10
55 26 49
55 27 28
55 28 43
55 29 41
55 30 76
55 31 88
55 32 38
55 33 38
55 34 33
55 35 10
55 36 32
55 37 21
55 38 11
55 39 15
55 40 54
55 41 78
55 43 63
55 44 96
55 45 89
55 46 34
55 47 65
55 48 74
55 49 80
55 50 72
55 51 69
55 52 46
55 53 82
55 54 94
55 56 61
55 57 78
55 58 5
55 59 47
55 60 54
55 61 66
55 62 64
55 63 24
55 64 67
55 65 53
55 66 23
55 67 81
55 68 64
55 69 42
56 0 48
56 1 6
56 2 81
56 3 17
56 4 7
56 5 83
56 6 11
56 7 9
56 8 63
56 9 75
56 10 21
56 11 79
56 12 94
56 13 85
56 14 80
56 15 8
56 16 10
56 17 96
56 18 46
56 19 14
56 20 70
56 21 62
56 22 56
56 23 24
56 24 18
56 25 98
56 26 36
56 27 100
56 28 35
56 29 92
56 30 33
56 31 65
56 32 84
56 33 76
56 34 53
56 35 44
56 36 95
56 37 29
56 38 75
56 39 67
56 40 20
56 41 12
56 42 99
56 43 55
56 44 18
56 45 37
56 46 58
56 47 40
56 48 33
56 49 60
56 50 48
56 51 19
56 52 89
56 53 64
56 54 46
56 55 42
56 57 66
56 58 48
56 59 64
56 60 12
56 61 28
56 62 97
56 63 81
56 64 6
56 65 6
56 66 25
56 67 84
56 68 44
56 69 80
57 0 72
57 1 66
57 2 26
57 3 29
57 4 66
57 5 5
57 6 47
57 7 7
57 8 93
57 9 71
57 10 96
57 11 80
57 12 93
57 13 30
57 14 23
57 15 53
57 16 17
57 17 54
57 18 77
57 19 46
57 20 10
57 21 24
57 22 38
57 23 72
57 24 84
57 25 79
57 26 34
57 27 12
57 28 98
57 29 70
57 30 51
57 31 38
57 32 57
57 33 56
57 34 44
57 35 7
57 36 29
57 37 77
57 38 2
57 39 29
57 40 69
57 41 69
57 42 29
57 43 45
57 44 14
57 45 24
57 46 34
57 47 6
57 48 72
57 49 5
57 50 39
57 51 35
57 52 89
57 53 17
57 54 14
57 55 84
57 56 53
57 58 71
57 59 64
57 60 65
57 61 2
57 62 24
57 63 21
57 64 22
57 65 98
57 66 3
57 67 43
57 68 40
57 69 8
58 0 57
58 1 25
58 2 87
58 3 69
58 4 57
58 5 53
58 6 12
58 7 58
58 8 26
58 9 78
58 10 87
58 11 71
58 12 57
58 13 60
58 14 43
58 15 61
58 16 21
58 17 86
58 18 29
58 19 76
58 20 75
58 21 83
58 22 61
58 23 55
58 24 72
58 25 28
58 26 42
58 27 80
58 28 93
58 29 55
58 30 94
58 31 63
58 32 63
58 33 3
58 34 51
58 35 38
58 36 50
58 37 43
58 38 17
58 39 67
58 40 85
58 41 59
58 42 84
58 43 21
58 44 47
58 45 53
58 46 24
58 47 25
58 48 97
58 49 57
58 50 65
58 51 2
58 52 48
58 53 22
58 54 76
58 55 10
58 56 25
58 57 2
58 59 29
58 60 83
58 61 77
58 62 60
58 63 58
58 64 85
58 65 20
58 66 71
58 67 23
58 68 42
58 69 60
59 0 35
59 1 67
59 2 100
59 3 40
59 4 19
59 5 89
59 6 97
59 7 93
59 8 37
59 9 6
59 10 93
59 11 58
59 12 36
59 13 87
59 14 32
59 15 29
59 16 16
59 17 96
59 18 58
59 19 41
59 20 96
59 21 69
59 22 8
59 23 12
59 24 98
59 25 48
59 26 29
59 27 33
59 28 23
59 29 89
59 30 29
59 31 40
59 32 18
59 33 17
59 34 11
59 35 67
59 36 24
59 37 27
59 38 75
59 39 2
59 40 90
59 41 75
59 42 53
59 43 33
59 44 84
59 45 84
59 46 47
59 47 75
59 48 65
59 49 39
59 50 3
59 51 58
59 52 29
59 53 75
59 54 11
59 55 1
59 56 74
59 57 63
59 58 54
59 60 23
59 61 98
59 62 43
59 63 97
59 64 23
59 65 39
59 66 6
59 67 14
59 68 21
59 69 88
60 0 72
60 1 18
60 2 6
60 3 17
60 4 4
60 5 11
60 6 57
60 7 83
60 8 34
60 9 40
60 10 18
60 11 47
60 12 40
60 14 100
60 15 12
60 16 1
60 17 67
60 18 32
60 19 79
60 20 53
60 21 99
60 22 77
60 23 20
60 24 46
60 25 1
60 26 24
60 27 67
60 29 84
60 30 96
60 31 3
60 32 30
60 33 100
60 34 76
60 35 39
60 36 90
60 37 28
60 38 41
60 39 100
60 40 91
60 41 16
60 42 42
60 43 54
60 44 44
60 45 21
60 46 91
60 47 82
60 48 39
60 49 98
60 50 3
60 51 13
60 52 31
60 53 65
60 55 29
60 56 23
60 57 93
60 58 65
60 59 63
60 61 42
60 62 86
60 63 10
60 64 3
60 65 36
60 66 15
60 67 33
60 68 4
60 69 85
61 0 96
61 1 94
61 2 6
61 3 51
61 4 8
61 6 43
61 7 82
61 8 81
61 9 47
61 10 57
61 11 93
61 12 7
61 13 43
61 14 99
61 15 91
61 16 39
61 17 46
61 18 27
61 19 28
61 20 57
61 21 99
61 22 67
61 23 98
61 24 20
61 25 62
61 26 45
61 27 69
61 28 23
61 29 13
61 30 42
61 31 54
61 32 33
61 33 6
61 34 63
61 35 88
61 36 2
61 37 17
61 38 6
61 39 55
61 40 38
61 41 96
61 42 49
61 43 12
61 44 2
61 45 31
61 46 93
61 47 100
61 48 3
61 49 90
61 50 15
61 51 88
61 52 11
61 54 49
61 55 48
61 56 34
61 57 30
61 58 33
61 59 87
61 60 72
61 62 76
61 63 44
61 64 30
61 65 9
61 66 17
61 67 61
61 68 50
61 69 92
62 0 90
62 1 61
62 2 12
62 3 72
62 4 30
62 5 63
62 6 38
62 7 84
62 8 17
62 9 31
62 10 18
62 11 83
62 12 12
62 13 38
62 14 60
62 15 12
62 16 30
62 17 32
62 18 91
62 19 35
62 20 67
62 21 1
62 22 53
62 23 88
62 24 61
62 25 81
62 26 6
62 27 38
62 28 65
62 29 72
62 30 55
62 31 35
62 32 11
62 33 19
62 34 12
62 35 51
62 36 3
62 37 27
62 38 83
62 39 38
62 40 41
62 41 16
62 42 44
62 43 31
62 44 79
62 45 47
62 46 75
62 47 18
62 48 4
62 49 56
62 50 43
62 51 60
62 52 99
62 53 9
62 54 39
62 55 68
62 56 85
62 57 72
62 58 61
62 59 2
62 60 36
62 61 56
62 63 76
62 64 94
62 65 99
62 66 35
62 67 1
62 68 8
62 69 51
63 0 81
63 1 89
63 2 56
63 3 12
63 4 48
63 5 87
63 6 29
63 7 46
63 8 29
63 9 62
63 10 58
63 11 61
63 12 46
63 13 41
63 14 94
63 15 90
63 16 25
63 17 33
63 19 21
63 20 94
63 21 53
63 22 32
63 23 86
63 24 50
63 25 74
63 26 44
63 27 25
63 28 75
63 29 34
63 30 39
63 32 33
63 33 2
63 34 87
63 35 46
63 36 67
63 37 31
63 38 93
63 39 22
63 40 32
63 41 57
63 42 88
63 43 78
63 44 63
63 45 20
63 46 77
63 47 11
63 48 78
63 49 77
63 50 24
63 51 74
63 52 26
63 53 90
63 54 71
63 55 92
63 56 27
63 57 63
63 58 87
63 59 74
63 60 52
63 61 61
63 62 39
63 64 75
63 65 14
63 66 85
63 67 14
63 68 28
63 69 70
64 0 45
64 1 49
64 2 67
64 3 76
64 4 47
64 5 52
64 6 74
64 7 77
64 8 5
64 9 98
64 10 58
64 11 84
64 12 77
64 13 35
64 14 30
64 15 64
64 16 75
64 17 43
64 18 67
64 19 80
64 20 1
64 21 98
64 22 55
64 23 83
64 24 87
64 25 13
64 26 46
64 27 86
64 28 82
64 29 99
64 30 2
64 31 57
64 32 73
64 33 21
64 34 49
64 35 66
64 36 39
64 37 72
64 38 99
64 39 93
64 40 37
64 41 19
64 42 95
64 43 47
64 44 5
64 45 4
64 46 69
64 47 34
64 48 86
64 49 92
64 50 56
64 51 93
64 52 17
64 53 43
64 54 75
64 55 56
64 56 33
64 57 59
64 58 69
64 59 53
64 60 63
64 61 81
64 62 14
64 63 96
64 65 71
64 66 93
64 67 50
64 68 61
64 69 26
65 0 74
65 1 74
65 2 95
65 3 64
65 4 15
65 5 47
65 6 72
65 7 97
65 8 66
65 9 19
65 10 60
65 11 38
65 12 93
65 13 7
65 14 46
65 15 22
65 16 18
65 17 23
65 18 8
65 19 59
65 20 18
65 21 66
65 22 41
65 23 25
65 24 83
65 25 88
65 26 56
65 27 72
65 28 8
65 29 81
65 30 82
65 31 64
65 32 75
65 33 91
65 34 57
65 35 69
65 36 3
65 37 8
65 38 62
65 39 19
65 40 74
65 41 83
65 42 12
65 43 21
65 44 53
65 45 20
65 46 13
65 47 71
65 48 35
65 49 7
65 50 76
65 51 47
65 52 32
65 53 12
65 54 20
65 55 47
65 56 65
65 57 91
65 58 67
65 59 39
65 60 69
65 61 99
65 62 19
65 63 66
65 64 36
65 66 69
65 67 68
65 68 98
65 69 37
66 0 38
66 1 67
66 2 73
66 3 55
66 4 31
66 5 83
66 6 72
66 7 65
66 8 93
66 9 63
66 10 76
66 12 70
66 13 32
66 14 47
66 15 23
66 16 95
66 17 47
66 18 43
66 19 92
66 20 54
66 21 9
66 22 29
66 23 1
66 24 57
66 25 67
66 26 42
66 27 6
66 28 69
66 29 22
66 30 32
66 31 27
66 32 84
66 33 46
66 34 50
66 35 69
66 36 5
66 37 59
66 38 71
66 39 88
66 40 32
66 41 67
66 42 26
66 43 66
66 44 48
66 45 89
66 46 18
66 47 68
66 49 16
66 50 88
66 51 95
66 52 16
66 53 83
66 54 29
66 55 99
66 56 44
66 57 47
66 58 11
66 59 20
66 60 48
66 61 52
66 62 40
66 63 26
66 64 95
66 65 54
66 67 46
66 68 35
66 69 97
67 0 18
67 1 3
67 2 65
67 3 3
67 4 56
67 5 51
67 6 8
67 7 11
67 8 91
67 9 60
67 10 37
67 11 84
67 12 17
67 13 10
67 14 96
67 15 37
67 16 36
67 17 45
67 18 26
67 19 80
67 20 88
67 21 48
67 22 97
67 23 76
67 24 59
67 25 63
67 26 63
67 27 17
67 28 66
67 29 67
67 30 54
67 31 73
67 32 90
67 33 26
67 34 6
67 35 71
67 36 39
67 37 11
67 38 56
67 39 16
67 40 26
67 41 7
67 42 86
67 43 97
67 44 66
67 45 62
67 46 25
67 47 7
67 48 39
67 49 15
67 50 78
67 51 63
67 52 37
67 53 49
67 54 90
67 55 44
67 56 7
67 57 3
67 58 83
67 59 47
67 60 92
67 61 25
67 62 39
67 63 99
67 64 7
67 65 97
67 66 71
67 68 44
67 69 88
68 0 89
68 1 13
68 2 24
68 3 30
68 4 25
68 5 85
68 6 49
68 7 47
68 8 62
68 9 56
68 10 64
68 11 31
68 12 25
68 13 87
68 14 61
68 15 22
68 16 64
68 17 86
68 18 70
68 19 87
68 20 23
68 21 90
68 22 69
68 23 64
68 24 53
68 25 6
68 26 3
68 27 36
68 28 2
68 29 51
68 30 60
68 31 14
68 32 65
68 33 7
68 34 22
68 35 89
68 36 8
68 37 15
68 38 27
68 39 90
68 40 9
68 41 90
68 42 97
68 43 47
68 44 5
68 45 40
68 46 94
68 47 26
68 48 49
68 49 66
68 50 47
68 51 28
68 52 63
68 53 11
68 54 63
68 55 51
68 56 34
68 57 55
68 58 9
68 59 14
68 60 3
68 61 29
68 62 9
68 63 72
68 64 19
68 65 19
68 66 42
68 67 98
68 69 32
69 0 58
69 1 28
69 2 29
69 3 98
69 4 15
69 5 47
69 6 25
69 7 76
69 8 16
69 9 11
69 10 88
69 11 66
69 12 20
69 13 16
69 14 75
69 15 30
69 16 71
69 17 27
69 18 100
69 19 31
69 20 54
69 21 16
69 22 66
69 23 52
69 24 47
69 25 23
69 26 91
69 27 35
69 28 46
69 29 88
69 30 87
69 31 57
69 32 39
69 33 34
69 34 42
69 35 4
69 36 12
69 37 65
69 38 19
69 39 29
69 40 67
69 41 54
69 42 81
69 43 75
69 44 81
69 45 68
69 46 73
69 47 75
69 48 78
69 49 82
69 50 76
69 51 32
69 52 10
69 54 70
69 55 40
69 56 81
69 57 38
69 58 83
69 59 81
69 60 64
69 61 95
69 62 24
69 63 59
69 64 3
69 65 82
69 66 74
69 67 63
69 68 42
