100
0 1 85.0
0 2 43.0
0 3 57.0
0 4 47.0
0 5 53.0
0 6 73.0
0 7 39.0
0 8 46.0
0 9 33.0
0 10 58.0
0 11 64.0
0 12 42.0
0 13 52.0
0 14 74.0
0 15 35.0
0 16 88.0
0 17 39.0
0 18 96.0
0 19 48.0
0 20 34.0
0 21 33.0
0 22 64.0
0 23 93.0
0 24 44.0
0 25 81.0
0 26 66.0
0 27 69.0
0 28 47.0
0 29 25.0
0 30 30.0
0 31 98.0
0 32 43.0
0 33 92.0
0 34 47.0
0 35 71.0
0 36 51.0
0 37 39.0
0 38 72.0
0 39 93.0
0 40 37.0
0 41 83.0
0 42 28.0
0 43 57.0
0 44 77.0
0 45 76.0
0 46 95.0
0 47 67.0
0 48 99.0
0 49 28.0
0 50 89.0
0 51 56.0
0 52 99.0
0 53 37.0
0 54 97.0
0 55 71.0
0 56 40.0
0 57 38.0
0 58 71.0
0 59 100.0
0 60 87.0
0 61 48.0
0 62 68.0
0 63 31.0
0 64 75.0
0 65 25.0
0 66 26.0
0 67 41.0
0 68 58.0
0 69 44.0
0 70 37.0
0 71 39.0
0 72 100.0
0 73 85.0
0 74 90.0
0 75 74.0
0 76 29.0
0 77 62.0
0 78 63.0
0 79 39.0
0 80 61.0
0 81 30.0
0 82 85.0
0 83 58.0
0 84 98.0
0 85 44.0
0 86 55.0
0 87 54.0
0 88 44.0
0 89 58.0
0 90 69.0
0 91 93.0
0 92 79.0
0 93 77.0
0 94 64.0
0 95 94.0
0 96 44.0
0 97 49.0
0 98 95.0
0 99 32.0
1 2 68.0
1 3 85.0
1 4 35.0
1 5 95.0
1 6 46.0
1 7 65.0
1 8 31.0
1 9 50.0
1 10 71.0
1 11 99.0
1 12 98.0
1 13 57.0
1 14 55.0
1 15 64.0
1 16 68.0
1 17 31.0
1 18 42.0
1 19 94.0
1 20 95.0
1 21 81.0
1 22 54.0
1 23 71.0
1 24 30.0
1 25 33.0
1 26 94.0
1 27 42.0
1 28 44.0
1 29 27.0
1 30 31.0
1 31 25.0
1 32 95.0
1 33 57.0
1 34 96.0
1 35 82.0
1 36 44.0
1 37 99.0
1 38 42.0
1 39 48.0
1 40 68.0
1 41 88.0
1 42 55.0
1 43 44.0
1 44 45.0
1 45 47.0
1 46 68.0
1 47 56.0
1 48 82.0
1 49 61.0
1 50 80.0
1 51 86.0
1 52 69.0
1 53 55.0
1 54 28.0
1 55 89.0
1 56 66.0
1 57 71.0
1 58 98.0
1 59 86.0
1 60 33.0
1 61 64.0
1 62 38.0
1 63 82.0
1 64 31.0
1 65 26.0
1 66 66.0
1 67 98.0
1 68 45.0
1 69 26.0
1 70 29.0
1 71 49.0
1 72 38.0
1 73 98.0
1 74 94.0
1 75 31.0
1 76 65.0
1 77 99.0
1 78 79.0
1 79 48.0
1 80 87.0
1 81 79.0
1 82 97.0
1 83 65.0
1 84 45.0
1 85 87.0
1 86 100.0
1 87 55.0
1 88 46.0
1 89 35.0
1 90 85.0
1 91 32.0
1 92 25.0
1 93 50.0
1 94 35.0
1 95 60.0
1 96 83.0
1 97 66.0
1 98 36.0
1 99 75.0
2 3 55.0
2 4 81.0
2 5 89.0
2 6 47.0
2 7 27.0
2 8 69.0
2 9 63.0
2 10 51.0
2 11 34.0
2 12 26.0
2 13 63.0
2 14 46.0
2 15 58.0
2 16 87.0
2 17 73.0
2 18 37.0
2 19 71.0
2 20 65.0
2 21 100.0
2 22 27.0
2 23 56.0
2 24 43.0
2 25 84.0
2 26 70.0
2 27 49.0
2 28 91.0
2 29 99.0
2 30 61.0
2 31 64.0
2 32 70.0
2 33 49.0
2 34 70.0
2 35 47.0
2 36 59.0
2 37 48.0
2 38 98.0
2 39 87.0
2 40 74.0
2 41 34.0
2 42 86.0
2 43 55.0
2 44 46.0
2 45 55.0
2 46 47.0
2 47 32.0
2 48 98.0
2 49 35.0
2 50 77.0
2 51 95.0
2 52 75.0
2 53 39.0
2 54 31.0
2 55 49.0
2 56 82.0
2 57 39.0
2 58 66.0
2 59 73.0
2 60 67.0
2 61 59.0
2 62 73.0
2 63 57.0
2 64 53.0
2 65 90.0
2 66 86.0
2 67 30.0
2 68 90.0
2 69 43.0
2 70 80.0
2 71 41.0
2 72 87.0
2 73 33.0
2 74 29.0
2 75 85.0
2 76 56.0
2 77 49.0
2 78 65.0
2 79 32.0
2 80 84.0
2 81 30.0
2 82 50.0
2 83 95.0
2 84 85.0
2 85 44.0
2 86 57.0
2 87 36.0
2 88 36.0
2 89 31.0
2 90 33.0
2 91 100.0
2 92 71.0
2 93 70.0
2 94 80.0
2 95 41.0
2 96 63.0
2 97 46.0
2 98 54.0
2 99 82.0
3 4 74.0
3 5 44.0
3 6 68.0
3 7 65.0
3 8 43.0
3 9 38.0
3 10 56.0
3 11 79.0
3 12 60.0
3 13 81.0
3 14 91.0
3 15 45.0
3 16 90.0
3 17 67.0
3 18 81.0
3 19 37.0
3 20 29.0
3 21 39.0
3 22 36.0
3 23 36.0
3 24 98.0
3 25 89.0
3 26 35.0
3 27 53.0
3 28 65.0
3 29 51.0
3 30 100.0
3 31 46.0
3 32 67.0
3 33 91.0
3 34 100.0
3 35 56.0
3 36 39.0
3 37 93.0
3 38 44.0
3 39 57.0
3 40 36.0
3 41 83.0
3 42 86.0
3 43 50.0
3 44 67.0
3 45 88.0
3 46 66.0
3 47 78.0
3 48 73.0
3 49 38.0
3 50 30.0
3 51 97.0
3 52 73.0
3 53 60.0
3 54 37.0
3 55 54.0
3 56 92.0
3 57 45.0
3 58 77.0
3 59 82.0
3 60 83.0
3 61 41.0
3 62 59.0
3 63 30.0
3 64 29.0
3 65 50.0
3 66 31.0
3 67 55.0
3 68 80.0
3 69 88.0
3 70 26.0
3 71 30.0
3 72 53.0
3 73 40.0
3 74 88.0
3 75 58.0
3 76 77.0
3 77 80.0
3 78 58.0
3 79 81.0
3 80 42.0
3 81 56.0
3 82 30.0
3 83 52.0
3 84 99.0
3 85 32.0
3 86 73.0
3 87 27.0
3 88 54.0
3 89 70.0
3 90 56.0
3 91 64.0
3 92 26.0
3 93 82.0
3 94 93.0
3 95 70.0
3 96 25.0
3 97 76.0
3 98 26.0
3 99 86.0
4 5 61.0
4 6 59.0
4 7 35.0
4 8 48.0
4 9 30.0
4 10 74.0
4 11 78.0
4 12 80.0
4 13 96.0
4 14 96.0
4 15 78.0
4 16 60.0
4 17 45.0
4 18 36.0
4 19 96.0
4 20 80.0
4 21 37.0
4 22 85.0
4 23 72.0
4 24 73.0
4 25 31.0
4 26 78.0
4 27 71.0
4 28 72.0
4 29 50.0
4 30 25.0
4 31 54.0
4 32 52.0
4 33 44.0
4 34 54.0
4 35 84.0
4 36 73.0
4 37 34.0
4 38 45.0
4 39 35.0
4 40 90.0
4 41 99.0
4 42 26.0
4 43 71.0
4 44 69.0
4 45 41.0
4 46 87.0
4 47 86.0
4 48 78.0
4 49 38.0
4 50 39.0
4 51 89.0
4 52 46.0
4 53 56.0
4 54 86.0
4 55 93.0
4 56 92.0
4 57 80.0
4 58 89.0
4 59 56.0
4 60 51.0
4 61 45.0
4 62 80.0
4 63 70.0
4 64 34.0
4 65 41.0
4 66 75.0
4 67 63.0
4 68 75.0
4 69 40.0
4 70 98.0
4 71 89.0
4 72 40.0
4 73 74.0
4 74 66.0
4 75 43.0
4 76 50.0
4 77 74.0
4 78 95.0
4 79 73.0
4 80 86.0
4 81 47.0
4 82 25.0
4 83 81.0
4 84 40.0
4 85 86.0
4 86 67.0
4 87 61.0
4 88 98.0
4 89 49.0
4 90 83.0
4 91 96.0
4 92 58.0
4 93 48.0
4 94 92.0
4 95 64.0
4 96 100.0
4 97 55.0
4 98 66.0
4 99 53.0
5 6 27.0
5 7 28.0
5 8 46.0
5 9 62.0
5 10 59.0
5 11 78.0
5 12 98.0
5 13 99.0
5 14 72.0
5 15 36.0
5 16 35.0
5 17 38.0
5 18 38.0
5 19 83.0
5 20 94.0
5 21 55.0
5 22 62.0
5 23 29.0
5 24 59.0
5 25 95.0
5 26 74.0
5 27 27.0
5 28 51.0
5 29 99.0
5 30 47.0
5 31 93.0
5 32 62.0
5 33 27.0
5 34 76.0
5 35 35.0
5 36 79.0
5 37 65.0
5 38 42.0
5 39 48.0
5 40 53.0
5 41 77.0
5 42 90.0
5 43 98.0
5 44 46.0
5 45 61.0
5 46 25.0
5 47 70.0
5 48 87.0
5 49 40.0
5 50 32.0
5 51 55.0
5 52 64.0
5 53 35.0
5 54 82.0
5 55 66.0
5 56 84.0
5 57 55.0
5 58 98.0
5 59 46.0
5 60 32.0
5 61 73.0
5 62 54.0
5 63 46.0
5 64 68.0
5 65 48.0
5 66 34.0
5 67 99.0
5 68 83.0
5 69 89.0
5 70 86.0
5 71 91.0
5 72 96.0
5 73 33.0
5 74 32.0
5 75 27.0
5 76 31.0
5 77 70.0
5 78 59.0
5 79 90.0
5 80 32.0
5 81 92.0
5 82 59.0
5 83 37.0
5 84 86.0
5 85 81.0
5 86 90.0
5 87 89.0
5 88 58.0
5 89 31.0
5 90 34.0
5 91 32.0
5 92 58.0
5 93 50.0
5 94 94.0
5 95 38.0
5 96 29.0
5 97 79.0
5 98 65.0
5 99 90.0
6 7 70.0
6 8 61.0
6 9 52.0
6 10 38.0
6 11 25.0
6 12 52.0
6 13 33.0
6 14 36.0
6 15 38.0
6 16 57.0
6 17 79.0
6 18 38.0
6 19 49.0
6 20 71.0
6 21 34.0
6 22 36.0
6 23 95.0
6 24 87.0
6 25 100.0
6 26 28.0
6 27 47.0
6 28 70.0
6 29 28.0
6 30 43.0
6 31 72.0
6 32 83.0
6 33 55.0
6 34 47.0
6 35 57.0
6 36 46.0
6 37 76.0
6 38 53.0
6 39 34.0
6 40 73.0
6 41 62.0
6 42 96.0
6 43 70.0
6 44 67.0
6 45 49.0
6 46 64.0
6 47 33.0
6 48 64.0
6 49 98.0
6 50 32.0
6 51 72.0
6 52 46.0
6 53 78.0
6 54 78.0
6 55 100.0
6 56 30.0
6 57 52.0
6 58 96.0
6 59 62.0
6 60 29.0
6 61 45.0
6 62 77.0
6 63 64.0
6 64 61.0
6 65 58.0
6 66 26.0
6 67 62.0
6 68 99.0
6 69 79.0
6 70 74.0
6 71 41.0
6 72 69.0
6 73 81.0
6 74 26.0
6 75 76.0
6 76 47.0
6 77 77.0
6 78 51.0
6 79 64.0
6 80 26.0
6 81 27.0
6 82 86.0
6 83 76.0
6 84 68.0
6 85 89.0
6 86 99.0
6 87 35.0
6 88 28.0
6 89 36.0
6 90 41.0
6 91 96.0
6 92 62.0
6 93 73.0
6 94 58.0
6 95 49.0
6 96 48.0
6 97 32.0
6 98 51.0
6 99 43.0
7 8 74.0
7 9 56.0
7 10 36.0
7 11 93.0
7 12 52.0
7 13 28.0
7 14 45.0
7 15 58.0
7 16 31.0
7 17 63.0
7 18 49.0
7 19 26.0
7 20 77.0
7 21 33.0
7 22 94.0
7 23 87.0
7 24 55.0
7 25 88.0
7 26 61.0
7 27 100.0
7 28 67.0
7 29 74.0
7 30 48.0
7 31 92.0
7 32 25.0
7 33 28.0
7 34 42.0
7 35 48.0
7 36 70.0
7 37 28.0
7 38 55.0
7 39 68.0
7 40 58.0
7 41 97.0
7 42 40.0
7 43 61.0
7 44 42.0
7 45 80.0
7 46 80.0
7 47 46.0
7 48 77.0
7 49 39.0
7 50 44.0
7 51 52.0
7 52 53.0
7 53 43.0
7 54 47.0
7 55 82.0
7 56 48.0
7 57 96.0
7 58 78.0
7 59 71.0
7 60 75.0
7 61 74.0
7 62 84.0
7 63 38.0
7 64 74.0
7 65 81.0
7 66 97.0
7 67 96.0
7 68 69.0
7 69 31.0
7 70 50.0
7 71 55.0
7 72 93.0
7 73 29.0
7 74 73.0
7 75 32.0
7 76 56.0
7 77 42.0
7 78 26.0
7 79 40.0
7 80 58.0
7 81 44.0
7 82 36.0
7 83 41.0
7 84 32.0
7 85 73.0
7 86 95.0
7 87 83.0
7 88 84.0
7 89 84.0
7 90 36.0
7 91 40.0
7 92 52.0
7 93 87.0
7 94 54.0
7 95 42.0
7 96 93.0
7 97 80.0
7 98 52.0
7 99 49.0
8 9 28.0
8 10 26.0
8 11 31.0
8 12 68.0
8 13 27.0
8 14 27.0
8 15 48.0
8 16 83.0
8 17 49.0
8 18 68.0
8 19 66.0
8 20 37.0
8 21 65.0
8 22 92.0
8 23 96.0
8 24 84.0
8 25 76.0
8 26 82.0
8 27 36.0
8 28 89.0
8 29 91.0
8 30 39.0
8 31 62.0
8 32 31.0
8 33 63.0
8 34 51.0
8 35 94.0
8 36 80.0
8 37 34.0
8 38 89.0
8 39 26.0
8 40 85.0
8 41 27.0
8 42 87.0
8 43 48.0
8 44 87.0
8 45 34.0
8 46 72.0
8 47 76.0
8 48 53.0
8 49 74.0
8 50 43.0
8 51 75.0
8 52 47.0
8 53 69.0
8 54 49.0
8 55 72.0
8 56 38.0
8 57 27.0
8 58 68.0
8 59 50.0
8 60 28.0
8 61 74.0
8 62 80.0
8 63 76.0
8 64 94.0
8 65 87.0
8 66 35.0
8 67 30.0
8 68 95.0
8 69 85.0
8 70 61.0
8 71 71.0
8 72 90.0
8 73 71.0
8 74 55.0
8 75 93.0
8 76 74.0
8 77 56.0
8 78 85.0
8 79 85.0
8 80 43.0
8 81 94.0
8 82 71.0
8 83 40.0
8 84 96.0
8 85 49.0
8 86 43.0
8 87 43.0
8 88 56.0
8 89 32.0
8 90 83.0
8 91 76.0
8 92 42.0
8 93 82.0
8 94 59.0
8 95 66.0
8 96 30.0
8 97 75.0
8 98 41.0
8 99 44.0
9 10 81.0
9 11 79.0
9 12 37.0
9 13 55.0
9 14 91.0
9 15 87.0
9 16 84.0
9 17 73.0
9 18 75.0
9 19 87.0
9 20 36.0
9 21 78.0
9 22 72.0
9 23 94.0
9 24 55.0
9 25 79.0
9 26 87.0
9 27 84.0
9 28 99.0
9 29 78.0
9 30 85.0
9 31 41.0
9 32 31.0
9 33 75.0
9 34 66.0
9 35 78.0
9 36 68.0
9 37 93.0
9 38 33.0
9 39 82.0
9 40 57.0
9 41 28.0
9 42 34.0
9 43 37.0
9 44 83.0
9 45 89.0
9 46 37.0
9 47 40.0
9 48 27.0
9 49 66.0
9 50 69.0
9 51 55.0
9 52 92.0
9 53 95.0
9 54 41.0
9 55 81.0
9 56 46.0
9 57 84.0
9 58 94.0
9 59 50.0
9 60 87.0
9 61 85.0
9 62 75.0
9 63 88.0
9 64 77.0
9 65 85.0
9 66 87.0
9 67 56.0
9 68 63.0
9 69 41.0
9 70 93.0
9 71 85.0
9 72 54.0
9 73 33.0
9 74 65.0
9 75 96.0
9 76 28.0
9 77 60.0
9 78 31.0
9 79 28.0
9 80 73.0
9 81 53.0
9 82 54.0
9 83 83.0
9 84 85.0
9 85 80.0
9 86 93.0
9 87 55.0
9 88 89.0
9 89 100.0
9 90 51.0
9 91 96.0
9 92 59.0
9 93 71.0
9 94 66.0
9 95 89.0
9 96 82.0
9 97 55.0
9 98 73.0
9 99 58.0
10 11 69.0
10 12 71.0
10 13 65.0
10 14 82.0
10 15 86.0
10 16 52.0
10 17 25.0
10 18 59.0
10 19 88.0
10 20 53.0
10 21 42.0
10 22 50.0
10 23 62.0
10 24 70.0
10 25 72.0
10 26 62.0
10 27 39.0
10 28 95.0
10 29 77.0
10 30 31.0
10 31 83.0
10 32 83.0
10 33 76.0
10 34 81.0
10 35 51.0
10 36 27.0
10 37 35.0
10 38 93.0
10 39 76.0
10 40 87.0
10 41 44.0
10 42 53.0
10 43 67.0
10 44 47.0
10 45 38.0
10 46 34.0
10 47 76.0
10 48 28.0
10 49 90.0
10 50 69.0
10 51 77.0
10 52 90.0
10 53 96.0
10 54 38.0
10 55 40.0
10 56 89.0
10 57 42.0
10 58 32.0
10 59 82.0
10 60 68.0
10 61 90.0
10 62 98.0
10 63 36.0
10 64 75.0
10 65 94.0
10 66 89.0
10 67 34.0
10 68 77.0
10 69 85.0
10 70 95.0
10 71 42.0
10 72 50.0
10 73 46.0
10 74 41.0
10 75 64.0
10 76 69.0
10 77 50.0
10 78 32.0
10 79 57.0
10 80 56.0
10 81 86.0
10 82 91.0
10 83 66.0
10 84 38.0
10 85 32.0
10 86 72.0
10 87 42.0
10 88 33.0
10 89 56.0
10 90 36.0
10 91 100.0
10 92 69.0
10 93 77.0
10 94 26.0
10 95 92.0
10 96 64.0
10 97 81.0
10 98 34.0
10 99 92.0
11 12 92.0
11 13 92.0
11 14 89.0
11 15 42.0
11 16 65.0
11 17 28.0
11 18 39.0
11 19 75.0
11 20 98.0
11 21 34.0
11 22 40.0
11 23 47.0
11 24 75.0
11 25 44.0
11 26 55.0
11 27 54.0
11 28 77.0
11 29 77.0
11 30 50.0
11 31 57.0
11 32 61.0
11 33 40.0
11 34 51.0
11 35 55.0
11 36 57.0
11 37 85.0
11 38 85.0
11 39 100.0
11 40 82.0
11 41 77.0
11 42 57.0
11 43 54.0
11 44 71.0
11 45 48.0
11 46 75.0
11 47 40.0
11 48 28.0
11 49 91.0
11 50 27.0
11 51 71.0
11 52 67.0
11 53 25.0
11 54 31.0
11 55 78.0
11 56 40.0
11 57 67.0
11 58 42.0
11 59 74.0
11 60 74.0
11 61 70.0
11 62 62.0
11 63 38.0
11 64 41.0
11 65 98.0
11 66 100.0
11 67 60.0
11 68 69.0
11 69 82.0
11 70 97.0
11 71 59.0
11 72 58.0
11 73 32.0
11 74 58.0
11 75 92.0
11 76 49.0
11 77 62.0
11 78 74.0
11 79 58.0
11 80 32.0
11 81 69.0
11 82 100.0
11 83 28.0
11 84 61.0
11 85 96.0
11 86 70.0
11 87 70.0
11 88 47.0
11 89 86.0
11 90 31.0
11 91 30.0
11 92 94.0
11 93 37.0
11 94 73.0
11 95 44.0
11 96 49.0
11 97 58.0
11 98 45.0
11 99 86.0
12 13 95.0
12 14 85.0
12 15 69.0
12 16 58.0
12 17 52.0
12 18 93.0
12 19 29.0
12 20 44.0
12 21 78.0
12 22 80.0
12 23 66.0
12 24 32.0
12 25 84.0
12 26 62.0
12 27 33.0
12 28 47.0
12 29 69.0
12 30 81.0
12 31 71.0
12 32 29.0
12 33 86.0
12 34 41.0
12 35 55.0
12 36 82.0
12 37 76.0
12 38 37.0
12 39 72.0
12 40 50.0
12 41 56.0
12 42 54.0
12 43 88.0
12 44 80.0
12 45 74.0
12 46 29.0
12 47 78.0
12 48 51.0
12 49 95.0
12 50 57.0
12 51 37.0
12 52 37.0
12 53 98.0
12 54 46.0
12 55 55.0
12 56 54.0
12 57 48.0
12 58 54.0
12 59 91.0
12 60 33.0
12 61 74.0
12 62 26.0
12 63 56.0
12 64 37.0
12 65 52.0
12 66 80.0
12 67 54.0
12 68 79.0
12 69 63.0
12 70 65.0
12 71 95.0
12 72 86.0
12 73 96.0
12 74 92.0
12 75 74.0
12 76 68.0
12 77 39.0
12 78 75.0
12 79 30.0
12 80 77.0
12 81 60.0
12 82 56.0
12 83 27.0
12 84 50.0
12 85 37.0
12 86 78.0
12 87 25.0
12 88 43.0
12 89 75.0
12 90 71.0
12 91 68.0
12 92 97.0
12 93 38.0
12 94 61.0
12 95 73.0
12 96 58.0
12 97 31.0
12 98 48.0
12 99 69.0
13 14 98.0
13 15 31.0
13 16 27.0
13 17 54.0
13 18 73.0
13 19 31.0
13 20 41.0
13 21 73.0
13 22 37.0
13 23 59.0
13 24 99.0
13 25 32.0
13 26 83.0
13 27 78.0
13 28 25.0
13 29 32.0
13 30 45.0
13 31 58.0
13 32 65.0
13 33 82.0
13 34 27.0
13 35 67.0
13 36 57.0
13 37 41.0
13 38 34.0
13 39 61.0
13 40 90.0
13 41 88.0
13 42 95.0
13 43 56.0
13 44 58.0
13 45 69.0
13 46 91.0
13 47 53.0
13 48 93.0
13 49 67.0
13 50 45.0
13 51 29.0
13 52 96.0
13 53 35.0
13 54 85.0
13 55 93.0
13 56 37.0
13 57 36.0
13 58 58.0
13 59 76.0
13 60 80.0
13 61 43.0
13 62 44.0
13 63 70.0
13 64 59.0
13 65 33.0
13 66 91.0
13 67 45.0
13 68 87.0
13 69 69.0
13 70 31.0
13 71 73.0
13 72 70.0
13 73 74.0
13 74 77.0
13 75 61.0
13 76 88.0
13 77 100.0
13 78 35.0
13 79 47.0
13 80 49.0
13 81 64.0
13 82 75.0
13 83 89.0
13 84 68.0
13 85 72.0
13 86 41.0
13 87 80.0
13 88 48.0
13 89 89.0
13 90 44.0
13 91 100.0
13 92 93.0
13 93 35.0
13 94 92.0
13 95 72.0
13 96 65.0
13 97 27.0
13 98 68.0
13 99 32.0
14 15 50.0
14 16 25.0
14 17 50.0
14 18 84.0
14 19 100.0
14 20 46.0
14 21 39.0
14 22 63.0
14 23 71.0
14 24 79.0
14 25 40.0
14 26 75.0
14 27 77.0
14 28 60.0
14 29 74.0
14 30 80.0
14 31 25.0
14 32 100.0
14 33 41.0
14 34 66.0
14 35 92.0
14 36 35.0
14 37 72.0
14 38 66.0
14 39 40.0
14 40 99.0
14 41 44.0
14 42 29.0
14 43 31.0
14 44 84.0
14 45 38.0
14 46 36.0
14 47 44.0
14 48 99.0
14 49 70.0
14 50 87.0
14 51 49.0
14 52 41.0
14 53 94.0
14 54 57.0
14 55 90.0
14 56 38.0
14 57 61.0
14 58 25.0
14 59 33.0
14 60 42.0
14 61 65.0
14 62 48.0
14 63 47.0
14 64 37.0
14 65 66.0
14 66 57.0
14 67 66.0
14 68 56.0
14 69 27.0
14 70 36.0
14 71 52.0
14 72 64.0
14 73 78.0
14 74 40.0
14 75 77.0
14 76 91.0
14 77 65.0
14 78 92.0
14 79 51.0
14 80 58.0
14 81 25.0
14 82 72.0
14 83 64.0
14 84 28.0
14 85 59.0
14 86 47.0
14 87 79.0
14 88 45.0
14 89 43.0
14 90 30.0
14 91 68.0
14 92 40.0
14 93 86.0
14 94 65.0
14 95 51.0
14 96 80.0
14 97 37.0
14 98 91.0
14 99 36.0
15 16 85.0
15 17 40.0
15 18 59.0
15 19 27.0
15 20 69.0
15 21 40.0
15 22 31.0
15 23 88.0
15 24 82.0
15 25 77.0
15 26 88.0
15 27 76.0
15 28 25.0
15 29 27.0
15 30 37.0
15 31 74.0
15 32 98.0
15 33 29.0
15 34 74.0
15 35 94.0
15 36 30.0
15 37 77.0
15 38 27.0
15 39 95.0
15 40 78.0
15 41 48.0
15 42 94.0
15 43 44.0
15 44 42.0
15 45 40.0
15 46 89.0
15 47 29.0
15 48 91.0
15 49 51.0
15 50 67.0
15 51 49.0
15 52 45.0
15 53 91.0
15 54 70.0
15 55 28.0
15 56 83.0
15 57 59.0
15 58 82.0
15 59 35.0
15 60 36.0
15 61 82.0
15 62 83.0
15 63 44.0
15 64 80.0
15 65 87.0
15 66 86.0
15 67 74.0
15 68 100.0
15 69 73.0
15 70 56.0
15 71 42.0
15 72 42.0
15 73 62.0
15 74 93.0
15 75 34.0
15 76 61.0
15 77 63.0
15 78 81.0
15 79 63.0
15 80 47.0
15 81 99.0
15 82 44.0
15 83 44.0
15 84 71.0
15 85 89.0
15 86 83.0
15 87 84.0
15 88 52.0
15 89 83.0
15 90 90.0
15 91 96.0
15 92 45.0
15 93 41.0
15 94 60.0
15 95 40.0
15 96 75.0
15 97 100.0
15 98 62.0
15 99 61.0
16 17 93.0
16 18 88.0
16 19 43.0
16 20 67.0
16 21 50.0
16 22 37.0
16 23 48.0
16 24 29.0
16 25 53.0
16 26 80.0
16 27 64.0
16 28 70.0
16 29 97.0
16 30 29.0
16 31 88.0
16 32 64.0
16 33 94.0
16 34 75.0
16 35 31.0
16 36 70.0
16 37 99.0
16 38 43.0
16 39 69.0
16 40 80.0
16 41 55.0
16 42 48.0
16 43 69.0
16 44 85.0
16 45 84.0
16 46 51.0
16 47 80.0
16 48 32.0
16 49 93.0
16 50 89.0
16 51 88.0
16 52 32.0
16 53 54.0
16 54 84.0
16 55 43.0
16 56 65.0
16 57 36.0
16 58 82.0
16 59 88.0
16 60 34.0
16 61 41.0
16 62 62.0
16 63 62.0
16 64 66.0
16 65 85.0
16 66 96.0
16 67 43.0
16 68 52.0
16 69 91.0
16 70 79.0
16 71 98.0
16 72 39.0
16 73 58.0
16 74 46.0
16 75 63.0
16 76 70.0
16 77 92.0
16 78 71.0
16 79 35.0
16 80 68.0
16 81 44.0
16 82 59.0
16 83 80.0
16 84 52.0
16 85 50.0
16 86 75.0
16 87 85.0
16 88 27.0
16 89 97.0
16 90 71.0
16 91 99.0
16 92 51.0
16 93 96.0
16 94 67.0
16 95 73.0
16 96 78.0
16 97 35.0
16 98 91.0
16 99 35.0
17 18 52.0
17 19 84.0
17 20 94.0
17 21 47.0
17 22 96.0
17 23 42.0
17 24 97.0
17 25 31.0
17 26 91.0
17 27 89.0
17 28 77.0
17 29 29.0
17 30 57.0
17 31 97.0
17 32 69.0
17 33 25.0
17 34 99.0
17 35 82.0
17 36 87.0
17 37 87.0
17 38 99.0
17 39 49.0
17 40 44.0
17 41 99.0
17 42 32.0
17 43 99.0
17 44 81.0
17 45 64.0
17 46 81.0
17 47 84.0
17 48 56.0
17 49 83.0
17 50 29.0
17 51 82.0
17 52 41.0
17 53 46.0
17 54 54.0
17 55 84.0
17 56 54.0
17 57 51.0
17 58 85.0
17 59 100.0
17 60 49.0
17 61 42.0
17 62 77.0
17 63 54.0
17 64 75.0
17 65 74.0
17 66 42.0
17 67 52.0
17 68 56.0
17 69 76.0
17 70 81.0
17 71 25.0
17 72 55.0
17 73 45.0
17 74 26.0
17 75 72.0
17 76 60.0
17 77 28.0
17 78 83.0
17 79 63.0
17 80 32.0
17 81 73.0
17 82 29.0
17 83 40.0
17 84 76.0
17 85 100.0
17 86 69.0
17 87 43.0
17 88 93.0
17 89 28.0
17 90 68.0
17 91 44.0
17 92 63.0
17 93 40.0
17 94 56.0
17 95 74.0
17 96 81.0
17 97 48.0
17 98 63.0
17 99 72.0
18 19 34.0
18 20 48.0
18 21 38.0
18 22 68.0
18 23 25.0
18 24 33.0
18 25 58.0
18 26 82.0
18 27 64.0
18 28 65.0
18 29 34.0
18 30 44.0
18 31 39.0
18 32 90.0
18 33 25.0
18 34 70.0
18 35 69.0
18 36 61.0
18 37 73.0
18 38 78.0
18 39 57.0
18 40 45.0
18 41 39.0
18 42 91.0
18 43 41.0
18 44 74.0
18 45 46.0
18 46 47.0
18 47 84.0
18 48 55.0
18 49 49.0
18 50 54.0
18 51 36.0
18 52 30.0
18 53 33.0
18 54 49.0
18 55 29.0
18 56 27.0
18 57 85.0
18 58 41.0
18 59 77.0
18 60 39.0
18 61 85.0
18 62 81.0
18 63 80.0
18 64 58.0
18 65 69.0
18 66 25.0
18 67 92.0
18 68 26.0
18 69 73.0
18 70 84.0
18 71 63.0
18 72 42.0
18 73 71.0
18 74 31.0
18 75 80.0
18 76 38.0
18 77 76.0
18 78 69.0
18 79 82.0
18 80 28.0
18 81 97.0
18 82 64.0
18 83 44.0
18 84 59.0
18 85 80.0
18 86 96.0
18 87 31.0
18 88 71.0
18 89 49.0
18 90 63.0
18 91 59.0
18 92 68.0
18 93 39.0
18 94 72.0
18 95 45.0
18 96 54.0
18 97 83.0
18 98 73.0
18 99 51.0
19 20 66.0
19 21 66.0
19 22 91.0
19 23 26.0
19 24 99.0
19 25 68.0
19 26 81.0
19 27 67.0
19 28 89.0
19 29 92.0
19 30 43.0
19 31 52.0
19 32 76.0
19 33 55.0
19 34 56.0
19 35 40.0
19 36 54.0
19 37 42.0
19 38 97.0
19 39 30.0
19 40 62.0
19 41 87.0
19 42 76.0
19 43 71.0
19 44 81.0
19 45 35.0
19 46 81.0
19 47 61.0
19 48 63.0
19 49 91.0
19 50 47.0
19 51 84.0
19 52 94.0
19 53 95.0
19 54 57.0
19 55 78.0
19 56 54.0
19 57 38.0
19 58 51.0
19 59 88.0
19 60 72.0
19 61 87.0
19 62 69.0
19 63 71.0
19 64 73.0
19 65 37.0
19 66 52.0
19 67 53.0
19 68 71.0
19 69 40.0
19 70 41.0
19 71 29.0
19 72 38.0
19 73 61.0
19 74 30.0
19 75 54.0
19 76 39.0
19 77 66.0
19 78 100.0
19 79 86.0
19 80 53.0
19 81 37.0
19 82 58.0
19 83 28.0
19 84 39.0
19 85 54.0
19 86 46.0
19 87 85.0
19 88 96.0
19 89 77.0
19 90 67.0
19 91 83.0
19 92 47.0
19 93 52.0
19 94 82.0
19 95 28.0
19 96 67.0
19 97 36.0
19 98 73.0
19 99 40.0
20 21 40.0
20 22 47.0
20 23 50.0
20 24 80.0
20 25 51.0
20 26 38.0
20 27 79.0
20 28 67.0
20 29 33.0
20 30 75.0
20 31 28.0
20 32 59.0
20 33 42.0
20 34 97.0
20 35 66.0
20 36 67.0
20 37 29.0
20 38 36.0
20 39 35.0
20 40 61.0
20 41 95.0
20 42 65.0
20 43 59.0
20 44 61.0
20 45 41.0
20 46 71.0
20 47 66.0
20 48 38.0
20 49 98.0
20 50 38.0
20 51 52.0
20 52 26.0
20 53 73.0
20 54 56.0
20 55 98.0
20 56 63.0
20 57 57.0
20 58 53.0
20 59 46.0
20 60 44.0
20 61 28.0
20 62 27.0
20 63 69.0
20 64 26.0
20 65 72.0
20 66 96.0
20 67 58.0
20 68 78.0
20 69 52.0
20 70 73.0
20 71 45.0
20 72 69.0
20 73 31.0
20 74 74.0
20 75 76.0
20 76 91.0
20 77 68.0
20 78 53.0
20 79 47.0
20 80 81.0
20 81 77.0
20 82 65.0
20 83 91.0
20 84 37.0
20 85 97.0
20 86 65.0
20 87 84.0
20 88 86.0
20 89 86.0
20 90 84.0
20 91 55.0
20 92 28.0
20 93 81.0
20 94 33.0
20 95 43.0
20 96 26.0
20 97 53.0
20 98 97.0
20 99 57.0
21 22 76.0
21 23 65.0
21 24 53.0
21 25 39.0
21 26 55.0
21 27 29.0
21 28 54.0
21 29 97.0
21 30 78.0
21 31 72.0
21 32 52.0
21 33 73.0
21 34 53.0
21 35 42.0
21 36 86.0
21 37 77.0
21 38 55.0
21 39 52.0
21 40 49.0
21 41 38.0
21 42 94.0
21 43 68.0
21 44 85.0
21 45 47.0
21 46 94.0
21 47 87.0
21 48 58.0
21 49 95.0
21 50 82.0
21 51 89.0
21 52 81.0
21 53 34.0
21 54 81.0
21 55 73.0
21 56 26.0
21 57 43.0
21 58 52.0
21 59 60.0
21 60 79.0
21 61 42.0
21 62 37.0
21 63 96.0
21 64 85.0
21 65 25.0
21 66 44.0
21 67 72.0
21 68 97.0
21 69 61.0
21 70 60.0
21 71 45.0
21 72 44.0
21 73 99.0
21 74 45.0
21 75 42.0
21 76 45.0
21 77 67.0
21 78 32.0
21 79 62.0
21 80 66.0
21 81 62.0
21 82 55.0
21 83 68.0
21 84 31.0
21 85 41.0
21 86 99.0
21 87 71.0
21 88 70.0
21 89 75.0
21 90 86.0
21 91 31.0
21 92 25.0
21 93 63.0
21 94 33.0
21 95 76.0
21 96 60.0
21 97 50.0
21 98 92.0
21 99 75.0
22 23 100.0
22 24 81.0
22 25 92.0
22 26 96.0
22 27 94.0
22 28 71.0
22 29 37.0
22 30 70.0
22 31 96.0
22 32 87.0
22 33 89.0
22 34 61.0
22 35 53.0
22 36 76.0
22 37 90.0
22 38 63.0
22 39 36.0
22 40 78.0
22 41 60.0
22 42 88.0
22 43 44.0
22 44 54.0
22 45 69.0
22 46 88.0
22 47 31.0
22 48 96.0
22 49 57.0
22 50 82.0
22 51 97.0
22 52 59.0
22 53 89.0
22 54 28.0
22 55 26.0
22 56 55.0
22 57 80.0
22 58 38.0
22 59 73.0
22 60 81.0
22 61 71.0
22 62 77.0
22 63 70.0
22 64 69.0
22 65 89.0
22 66 50.0
22 67 59.0
22 68 73.0
22 69 74.0
22 70 50.0
22 71 81.0
22 72 36.0
22 73 90.0
22 74 67.0
22 75 54.0
22 76 53.0
22 77 98.0
22 78 49.0
22 79 39.0
22 80 96.0
22 81 38.0
22 82 74.0
22 83 93.0
22 84 39.0
22 85 82.0
22 86 87.0
22 87 70.0
22 88 79.0
22 89 59.0
22 90 50.0
22 91 86.0
22 92 39.0
22 93 63.0
22 94 76.0
22 95 88.0
22 96 32.0
22 97 86.0
22 98 70.0
22 99 50.0
23 24 72.0
23 25 35.0
23 26 36.0
23 27 92.0
23 28 73.0
23 29 85.0
23 30 96.0
23 31 48.0
23 32 78.0
23 33 51.0
23 34 73.0
23 35 78.0
23 36 73.0
23 37 30.0
23 38 26.0
23 39 39.0
23 40 51.0
23 41 30.0
23 42 52.0
23 43 88.0
23 44 25.0
23 45 65.0
23 46 57.0
23 47 76.0
23 48 86.0
23 49 58.0
23 50 57.0
23 51 83.0
23 52 41.0
23 53 51.0
23 54 61.0
23 55 60.0
23 56 76.0
23 57 64.0
23 58 53.0
23 59 25.0
23 60 91.0
23 61 36.0
23 62 48.0
23 63 88.0
23 64 64.0
23 65 53.0
23 66 27.0
23 67 26.0
23 68 55.0
23 69 80.0
23 70 97.0
23 71 33.0
23 72 44.0
23 73 32.0
23 74 55.0
23 75 93.0
23 76 87.0
23 77 79.0
23 78 52.0
23 79 44.0
23 80 64.0
23 81 94.0
23 82 37.0
23 83 57.0
23 84 26.0
23 85 89.0
23 86 60.0
23 87 84.0
23 88 75.0
23 89 72.0
23 90 31.0
23 91 51.0
23 92 80.0
23 93 66.0
23 94 94.0
23 95 80.0
23 96 77.0
23 97 46.0
23 98 43.0
23 99 73.0
24 25 76.0
24 26 35.0
24 27 93.0
24 28 30.0
24 29 83.0
24 30 35.0
24 31 97.0
24 32 93.0
24 33 29.0
24 34 27.0
24 35 31.0
24 36 65.0
24 37 89.0
24 38 89.0
24 39 27.0
24 40 51.0
24 41 35.0
24 42 43.0
24 43 90.0
24 44 63.0
24 45 90.0
24 46 30.0
24 47 25.0
24 48 33.0
24 49 42.0
24 50 52.0
24 51 57.0
24 52 56.0
24 53 33.0
24 54 68.0
24 55 99.0
24 56 89.0
24 57 93.0
24 58 76.0
24 59 95.0
24 60 69.0
24 61 78.0
24 62 55.0
24 63 29.0
24 64 82.0
24 65 75.0
24 66 82.0
24 67 39.0
24 68 92.0
24 69 84.0
24 70 95.0
24 71 71.0
24 72 95.0
24 73 30.0
24 74 85.0
24 75 81.0
24 76 63.0
24 77 99.0
24 78 50.0
24 79 55.0
24 80 74.0
24 81 90.0
24 82 78.0
24 83 33.0
24 84 52.0
24 85 42.0
24 86 55.0
24 87 76.0
24 88 54.0
24 89 71.0
24 90 80.0
24 91 41.0
24 92 53.0
24 93 89.0
24 94 35.0
24 95 28.0
24 96 42.0
24 97 60.0
24 98 75.0
24 99 47.0
25 26 37.0
25 27 38.0
25 28 53.0
25 29 68.0
25 30 52.0
25 31 64.0
25 32 59.0
25 33 76.0
25 34 63.0
25 35 86.0
25 36 42.0
25 37 65.0
25 38 40.0
25 39 93.0
25 40 78.0
25 41 62.0
25 42 88.0
25 43 42.0
25 44 55.0
25 45 50.0
25 46 74.0
25 47 57.0
25 48 53.0
25 49 78.0
25 50 34.0
25 51 87.0
25 52 62.0
25 53 71.0
25 54 62.0
25 55 56.0
25 56 83.0
25 57 78.0
25 58 32.0
25 59 99.0
25 60 43.0
25 61 34.0
25 62 92.0
25 63 76.0
25 64 82.0
25 65 46.0
25 66 25.0
25 67 58.0
25 68 91.0
25 69 82.0
25 70 96.0
25 71 28.0
25 72 87.0
25 73 67.0
25 74 51.0
25 75 98.0
25 76 49.0
25 77 92.0
25 78 58.0
25 79 53.0
25 80 92.0
25 81 45.0
25 82 51.0
25 83 33.0
25 84 60.0
25 85 55.0
25 86 67.0
25 87 40.0
25 88 65.0
25 89 32.0
25 90 33.0
25 91 85.0
25 92 34.0
25 93 68.0
25 94 63.0
25 95 46.0
25 96 93.0
25 97 42.0
25 98 67.0
25 99 72.0
26 27 94.0
26 28 40.0
26 29 77.0
26 30 47.0
26 31 27.0
26 32 42.0
26 33 47.0
26 34 63.0
26 35 92.0
26 36 40.0
26 37 80.0
26 38 50.0
26 39 93.0
26 40 43.0
26 41 81.0
26 42 42.0
26 43 100.0
26 44 43.0
26 45 81.0
26 46 100.0
26 47 62.0
26 48 69.0
26 49 100.0
26 50 74.0
26 51 29.0
26 52 41.0
26 53 61.0
26 54 84.0
26 55 83.0
26 56 92.0
26 57 44.0
26 58 80.0
26 59 55.0
26 60 86.0
26 61 49.0
26 62 28.0
26 63 91.0
26 64 38.0
26 65 55.0
26 66 96.0
26 67 48.0
26 68 67.0
26 69 86.0
26 70 89.0
26 71 28.0
26 72 82.0
26 73 72.0
26 74 66.0
26 75 40.0
26 76 99.0
26 77 72.0
26 78 49.0
26 79 97.0
26 80 79.0
26 81 29.0
26 82 60.0
26 83 32.0
26 84 47.0
26 85 59.0
26 86 55.0
26 87 70.0
26 88 28.0
26 89 43.0
26 90 58.0
26 91 85.0
26 92 74.0
26 93 83.0
26 94 34.0
26 95 63.0
26 96 82.0
26 97 68.0
26 98 59.0
26 99 48.0
27 28 44.0
27 29 96.0
27 30 38.0
27 31 46.0
27 32 59.0
27 33 56.0
27 34 25.0
27 35 41.0
27 36 32.0
27 37 63.0
27 38 30.0
27 39 80.0
27 40 38.0
27 41 58.0
27 42 90.0
27 43 37.0
27 44 52.0
27 45 80.0
27 46 43.0
27 47 56.0
27 48 43.0
27 49 76.0
27 50 91.0
27 51 70.0
27 52 52.0
27 53 63.0
27 54 74.0
27 55 60.0
27 56 92.0
27 57 84.0
27 58 38.0
27 59 66.0
27 60 66.0
27 61 34.0
27 62 79.0
27 63 82.0
27 64 85.0
27 65 77.0
27 66 93.0
27 67 97.0
27 68 79.0
27 69 79.0
27 70 33.0
27 71 100.0
27 72 26.0
27 73 71.0
27 74 40.0
27 75 96.0
27 76 94.0
27 77 83.0
27 78 30.0
27 79 92.0
27 80 82.0
27 81 64.0
27 82 65.0
27 83 49.0
27 84 35.0
27 85 28.0
27 86 35.0
27 87 56.0
27 88 87.0
27 89 83.0
27 90 51.0
27 91 68.0
27 92 54.0
27 93 76.0
27 94 30.0
27 95 79.0
27 96 87.0
27 97 67.0
27 98 100.0
27 99 90.0
28 29 40.0
28 30 50.0
28 31 85.0
28 32 69.0
28 33 37.0
28 34 36.0
28 35 47.0
28 36 94.0
28 37 72.0
28 38 36.0
28 39 85.0
28 40 74.0
28 41 84.0
28 42 95.0
28 43 37.0
28 44 94.0
28 45 31.0
28 46 76.0
28 47 36.0
28 48 69.0
28 49 98.0
28 50 43.0
28 51 31.0
28 52 96.0
28 53 28.0
28 54 48.0
28 55 56.0
28 56 53.0
28 57 83.0
28 58 94.0
28 59 27.0
28 60 97.0
28 61 64.0
28 62 42.0
28 63 25.0
28 64 79.0
28 65 45.0
28 66 97.0
28 67 45.0
28 68 78.0
28 69 92.0
28 70 33.0
28 71 61.0
28 72 64.0
28 73 45.0
28 74 31.0
28 75 67.0
28 76 76.0
28 77 26.0
28 78 86.0
28 79 79.0
28 80 34.0
28 81 37.0
28 82 92.0
28 83 85.0
28 84 26.0
28 85 96.0
28 86 27.0
28 87 56.0
28 88 87.0
28 89 54.0
28 90 58.0
28 91 51.0
28 92 94.0
28 93 37.0
28 94 72.0
28 95 97.0
28 96 67.0
28 97 64.0
28 98 41.0
28 99 91.0
29 30 96.0
29 31 44.0
29 32 74.0
29 33 34.0
29 34 53.0
29 35 54.0
29 36 33.0
29 37 39.0
29 38 39.0
29 39 37.0
29 40 51.0
29 41 29.0
29 42 69.0
29 43 74.0
29 44 60.0
29 45 85.0
29 46 98.0
29 47 63.0
29 48 68.0
29 49 94.0
29 50 56.0
29 51 30.0
29 52 55.0
29 53 25.0
29 54 89.0
29 55 75.0
29 56 84.0
29 57 30.0
29 58 30.0
29 59 91.0
29 60 98.0
29 61 64.0
29 62 29.0
29 63 52.0
29 64 47.0
29 65 33.0
29 66 64.0
29 67 67.0
29 68 67.0
29 69 41.0
29 70 44.0
29 71 32.0
29 72 76.0
29 73 41.0
29 74 85.0
29 75 33.0
29 76 63.0
29 77 98.0
29 78 38.0
29 79 44.0
29 80 87.0
29 81 34.0
29 82 39.0
29 83 32.0
29 84 86.0
29 85 92.0
29 86 30.0
29 87 74.0
29 88 40.0
29 89 86.0
29 90 69.0
29 91 28.0
29 92 37.0
29 93 48.0
29 94 91.0
29 95 35.0
29 96 30.0
29 97 81.0
29 98 86.0
29 99 83.0
30 31 84.0
30 32 85.0
30 33 85.0
30 34 55.0
30 35 50.0
30 36 39.0
30 37 67.0
30 38 40.0
30 39 96.0
30 40 89.0
30 41 26.0
30 42 51.0
30 43 71.0
30 44 57.0
30 45 39.0
30 46 43.0
30 47 53.0
30 48 26.0
30 49 41.0
30 50 42.0
30 51 98.0
30 52 47.0
30 53 76.0
30 54 59.0
30 55 31.0
30 56 30.0
30 57 39.0
30 58 81.0
30 59 63.0
30 60 92.0
30 61 51.0
30 62 82.0
30 63 75.0
30 64 37.0
30 65 74.0
30 66 77.0
30 67 29.0
30 68 90.0
30 69 70.0
30 70 55.0
30 71 95.0
30 72 63.0
30 73 90.0
30 74 95.0
30 75 74.0
30 76 44.0
30 77 95.0
30 78 89.0
30 79 76.0
30 80 64.0
30 81 75.0
30 82 68.0
30 83 43.0
30 84 82.0
30 85 68.0
30 86 80.0
30 87 92.0
30 88 71.0
30 89 92.0
30 90 75.0
30 91 41.0
30 92 37.0
30 93 52.0
30 94 52.0
30 95 97.0
30 96 80.0
30 97 81.0
30 98 64.0
30 99 50.0
31 32 45.0
31 33 96.0
31 34 94.0
31 35 34.0
31 36 59.0
31 37 83.0
31 38 89.0
31 39 84.0
31 40 56.0
31 41 92.0
31 42 54.0
31 43 96.0
31 44 83.0
31 45 53.0
31 46 62.0
31 47 56.0
31 48 47.0
31 49 99.0
31 50 48.0
31 51 81.0
31 52 73.0
31 53 25.0
31 54 87.0
31 55 41.0
31 56 25.0
31 57 94.0
31 58 47.0
31 59 39.0
31 60 33.0
31 61 52.0
31 62 62.0
31 63 58.0
31 64 36.0
31 65 26.0
31 66 41.0
31 67 77.0
31 68 92.0
31 69 53.0
31 70 62.0
31 71 27.0
31 72 67.0
31 73 46.0
31 74 34.0
31 75 30.0
31 76 35.0
31 77 57.0
31 78 28.0
31 79 74.0
31 80 52.0
31 81 42.0
31 82 72.0
31 83 37.0
31 84 74.0
31 85 41.0
31 86 73.0
31 87 61.0
31 88 89.0
31 89 89.0
31 90 44.0
31 91 80.0
31 92 52.0
31 93 92.0
31 94 47.0
31 95 32.0
31 96 67.0
31 97 61.0
31 98 32.0
31 99 57.0
32 33 85.0
32 34 78.0
32 35 81.0
32 36 81.0
32 37 93.0
32 38 88.0
32 39 46.0
32 40 75.0
32 41 88.0
32 42 79.0
32 43 71.0
32 44 80.0
32 45 71.0
32 46 47.0
32 47 36.0
32 48 98.0
32 49 29.0
32 50 33.0
32 51 60.0
32 52 36.0
32 53 53.0
32 54 26.0
32 55 79.0
32 56 88.0
32 57 53.0
32 58 86.0
32 59 39.0
32 60 88.0
32 61 49.0
32 62 43.0
32 63 76.0
32 64 75.0
32 65 65.0
32 66 44.0
32 67 94.0
32 68 79.0
32 69 89.0
32 70 59.0
32 71 58.0
32 72 81.0
32 73 64.0
32 74 59.0
32 75 88.0
32 76 37.0
32 77 66.0
32 78 48.0
32 79 73.0
32 80 44.0
32 81 83.0
32 82 73.0
32 83 30.0
32 84 27.0
32 85 33.0
32 86 44.0
32 87 33.0
32 88 56.0
32 89 40.0
32 90 46.0
32 91 52.0
32 92 29.0
32 93 27.0
32 94 95.0
32 95 44.0
32 96 72.0
32 97 60.0
32 98 39.0
32 99 70.0
33 34 53.0
33 35 90.0
33 36 71.0
33 37 56.0
33 38 53.0
33 39 56.0
33 40 34.0
33 41 43.0
33 42 67.0
33 43 72.0
33 44 74.0
33 45 86.0
33 46 64.0
33 47 32.0
33 48 69.0
33 49 81.0
33 50 59.0
33 51 33.0
33 52 73.0
33 53 53.0
33 54 95.0
33 55 60.0
33 56 25.0
33 57 66.0
33 58 78.0
33 59 73.0
33 60 99.0
33 61 52.0
33 62 92.0
33 63 97.0
33 64 63.0
33 65 45.0
33 66 91.0
33 67 83.0
33 68 25.0
33 69 25.0
33 70 47.0
33 71 49.0
33 72 70.0
33 73 54.0
33 74 78.0
33 75 51.0
33 76 32.0
33 77 91.0
33 78 51.0
33 79 38.0
33 80 27.0
33 81 27.0
33 82 81.0
33 83 54.0
33 84 96.0
33 85 45.0
33 86 75.0
33 87 94.0
33 88 57.0
33 89 54.0
33 90 55.0
33 91 76.0
33 92 100.0
33 93 91.0
33 94 69.0
33 95 89.0
33 96 53.0
33 97 34.0
33 98 87.0
33 99 96.0
34 35 94.0
34 36 97.0
34 37 56.0
34 38 77.0
34 39 46.0
34 40 66.0
34 41 39.0
34 42 31.0
34 43 25.0
34 44 32.0
34 45 75.0
34 46 71.0
34 47 34.0
34 48 53.0
34 49 57.0
34 50 76.0
34 51 70.0
34 52 76.0
34 53 94.0
34 54 33.0
34 55 43.0
34 56 94.0
34 57 49.0
34 58 55.0
34 59 74.0
34 60 98.0
34 61 36.0
34 62 25.0
34 63 40.0
34 64 38.0
34 65 55.0
34 66 32.0
34 67 61.0
34 68 72.0
34 69 82.0
34 70 51.0
34 71 92.0
34 72 45.0
34 73 51.0
34 74 62.0
34 75 48.0
34 76 68.0
34 77 89.0
34 78 40.0
34 79 100.0
34 80 55.0
34 81 25.0
34 82 51.0
34 83 74.0
34 84 98.0
34 85 91.0
34 86 70.0
34 87 80.0
34 88 55.0
34 89 42.0
34 90 88.0
34 91 90.0
34 92 45.0
34 93 69.0
34 94 30.0
34 95 27.0
34 96 56.0
34 97 38.0
34 98 33.0
34 99 72.0
35 36 28.0
35 37 43.0
35 38 42.0
35 39 45.0
35 40 92.0
35 41 96.0
35 42 60.0
35 43 52.0
35 44 77.0
35 45 44.0
35 46 28.0
35 47 55.0
35 48 64.0
35 49 68.0
35 50 65.0
35 51 54.0
35 52 83.0
35 53 71.0
35 54 65.0
35 55 25.0
35 56 58.0
35 57 88.0
35 58 36.0
35 59 83.0
35 60 60.0
35 61 82.0
35 62 48.0
35 63 94.0
35 64 32.0
35 65 69.0
35 66 95.0
35 67 49.0
35 68 60.0
35 69 33.0
35 70 96.0
35 71 42.0
35 72 26.0
35 73 82.0
35 74 72.0
35 75 53.0
35 76 61.0
35 77 27.0
35 78 84.0
35 79 70.0
35 80 83.0
35 81 96.0
35 82 92.0
35 83 71.0
35 84 73.0
35 85 31.0
35 86 31.0
35 87 53.0
35 88 96.0
35 89 47.0
35 90 85.0
35 91 85.0
35 92 44.0
35 93 37.0
35 94 97.0
35 95 73.0
35 96 90.0
35 97 72.0
35 98 69.0
35 99 61.0
36 37 64.0
36 38 87.0
36 39 33.0
36 40 64.0
36 41 41.0
36 42 82.0
36 43 58.0
36 44 31.0
36 45 42.0
36 46 95.0
36 47 76.0
36 48 33.0
36 49 33.0
36 50 96.0
36 51 42.0
36 52 32.0
36 53 96.0
36 54 87.0
36 55 29.0
36 56 83.0
36 57 68.0
36 58 78.0
36 59 88.0
36 60 34.0
36 61 91.0
36 62 35.0
36 63 61.0
36 64 85.0
36 65 29.0
36 66 63.0
36 67 31.0
36 68 46.0
36 69 74.0
36 70 30.0
36 71 40.0
36 72 73.0
36 73 89.0
36 74 66.0
36 75 47.0
36 76 92.0
36 77 31.0
36 78 87.0
36 79 84.0
36 80 57.0
36 81 34.0
36 82 48.0
36 83 64.0
36 84 40.0
36 85 90.0
36 86 97.0
36 87 91.0
36 88 36.0
36 89 31.0
36 90 87.0
36 91 62.0
36 92 44.0
36 93 85.0
36 94 67.0
36 95 36.0
36 96 44.0
36 97 82.0
36 98 94.0
36 99 31.0
37 38 48.0
37 39 78.0
37 40 74.0
37 41 71.0
37 42 37.0
37 43 49.0
37 44 92.0
37 45 94.0
37 46 26.0
37 47 75.0
37 48 80.0
37 49 26.0
37 50 85.0
37 51 82.0
37 52 93.0
37 53 45.0
37 54 93.0
37 55 69.0
37 56 66.0
37 57 49.0
37 58 77.0
37 59 72.0
37 60 96.0
37 61 82.0
37 62 90.0
37 63 84.0
37 64 83.0
37 65 47.0
37 66 92.0
37 67 78.0
37 68 80.0
37 69 81.0
37 70 39.0
37 71 36.0
37 72 33.0
37 73 34.0
37 74 97.0
37 75 73.0
37 76 81.0
37 77 43.0
37 78 81.0
37 79 89.0
37 80 61.0
37 81 49.0
37 82 93.0
37 83 31.0
37 84 70.0
37 85 91.0
37 86 42.0
37 87 54.0
37 88 60.0
37 89 92.0
37 90 89.0
37 91 48.0
37 92 48.0
37 93 49.0
37 94 57.0
37 95 53.0
37 96 92.0
37 97 69.0
37 98 63.0
37 99 80.0
38 39 53.0
38 40 91.0
38 41 57.0
38 42 56.0
38 43 62.0
38 44 58.0
38 45 40.0
38 46 32.0
38 47 81.0
38 48 67.0
38 49 69.0
38 50 75.0
38 51 25.0
38 52 81.0
38 53 61.0
38 54 69.0
38 55 41.0
38 56 32.0
38 57 29.0
38 58 87.0
38 59 31.0
38 60 43.0
38 61 30.0
38 62 74.0
38 63 100.0
38 64 92.0
38 65 37.0
38 66 52.0
38 67 32.0
38 68 92.0
38 69 53.0
38 70 58.0
38 71 51.0
38 72 42.0
38 73 75.0
38 74 94.0
38 75 65.0
38 76 36.0
38 77 59.0
38 78 39.0
38 79 26.0
38 80 37.0
38 81 79.0
38 82 32.0
38 83 28.0
38 84 70.0
38 85 44.0
38 86 85.0
38 87 30.0
38 88 99.0
38 89 44.0
38 90 86.0
38 91 44.0
38 92 50.0
38 93 66.0
38 94 58.0
38 95 37.0
38 96 90.0
38 97 89.0
38 98 77.0
38 99 44.0
39 40 46.0
39 41 44.0
39 42 90.0
39 43 86.0
39 44 27.0
39 45 88.0
39 46 29.0
39 47 44.0
39 48 93.0
39 49 33.0
39 50 34.0
39 51 66.0
39 52 45.0
39 53 64.0
39 54 97.0
39 55 81.0
39 56 55.0
39 57 42.0
39 58 92.0
39 59 95.0
39 60 62.0
39 61 66.0
39 62 87.0
39 63 72.0
39 64 80.0
39 65 30.0
39 66 82.0
39 67 40.0
39 68 56.0
39 69 87.0
39 70 68.0
39 71 37.0
39 72 52.0
39 73 90.0
39 74 48.0
39 75 82.0
39 76 33.0
39 77 88.0
39 78 80.0
39 79 55.0
39 80 40.0
39 81 82.0
39 82 63.0
39 83 33.0
39 84 28.0
39 85 65.0
39 86 87.0
39 87 97.0
39 88 49.0
39 89 67.0
39 90 69.0
39 91 59.0
39 92 63.0
39 93 72.0
39 94 64.0
39 95 77.0
39 96 56.0
39 97 49.0
39 98 91.0
39 99 25.0
40 41 57.0
40 42 46.0
40 43 76.0
40 44 76.0
40 45 41.0
40 46 76.0
40 47 50.0
40 48 45.0
40 49 90.0
40 50 90.0
40 51 90.0
40 52 41.0
40 53 37.0
40 54 86.0
40 55 74.0
40 56 75.0
40 57 82.0
40 58 43.0
40 59 49.0
40 60 43.0
40 61 59.0
40 62 71.0
40 63 42.0
40 64 45.0
40 65 56.0
40 66 25.0
40 67 27.0
40 68 55.0
40 69 89.0
40 70 54.0
40 71 86.0
40 72 38.0
40 73 32.0
40 74 48.0
40 75 91.0
40 76 31.0
40 77 27.0
40 78 65.0
40 79 78.0
40 80 68.0
40 81 39.0
40 82 79.0
40 83 25.0
40 84 77.0
40 85 91.0
40 86 31.0
40 87 53.0
40 88 59.0
40 89 29.0
40 90 55.0
40 91 98.0
40 92 72.0
40 93 96.0
40 94 47.0
40 95 89.0
40 96 32.0
40 97 25.0
40 98 26.0
40 99 94.0
41 42 51.0
41 43 72.0
41 44 49.0
41 45 80.0
41 46 79.0
41 47 80.0
41 48 28.0
41 49 38.0
41 50 37.0
41 51 76.0
41 52 82.0
41 53 51.0
41 54 74.0
41 55 45.0
41 56 70.0
41 57 44.0
41 58 94.0
41 59 37.0
41 60 69.0
41 61 89.0
41 62 62.0
41 63 84.0
41 64 65.0
41 65 87.0
41 66 63.0
41 67 97.0
41 68 82.0
41 69 73.0
41 70 42.0
41 71 51.0
41 72 27.0
41 73 44.0
41 74 59.0
41 75 50.0
41 76 64.0
41 77 96.0
41 78 65.0
41 79 54.0
41 80 36.0
41 81 34.0
41 82 28.0
41 83 68.0
41 84 89.0
41 85 92.0
41 86 84.0
41 87 49.0
41 88 30.0
41 89 79.0
41 90 46.0
41 91 90.0
41 92 53.0
41 93 39.0
41 94 85.0
41 95 73.0
41 96 44.0
41 97 56.0
41 98 29.0
41 99 82.0
42 43 91.0
42 44 67.0
42 45 48.0
42 46 76.0
42 47 44.0
42 48 36.0
42 49 51.0
42 50 33.0
42 51 88.0
42 52 92.0
42 53 59.0
42 54 84.0
42 55 78.0
42 56 34.0
42 57 46.0
42 58 35.0
42 59 82.0
42 60 64.0
42 61 88.0
42 62 58.0
42 63 42.0
42 64 85.0
42 65 35.0
42 66 61.0
42 67 79.0
42 68 97.0
42 69 33.0
42 70 37.0
42 71 90.0
42 72 81.0
42 73 62.0
42 74 35.0
42 75 65.0
42 76 56.0
42 77 47.0
42 78 86.0
42 79 72.0
42 80 72.0
42 81 70.0
42 82 87.0
42 83 94.0
42 84 88.0
42 85 53.0
42 86 56.0
42 87 89.0
42 88 25.0
42 89 64.0
42 90 81.0
42 91 68.0
42 92 74.0
42 93 95.0
42 94 78.0
42 95 42.0
42 96 49.0
42 97 82.0
42 98 41.0
42 99 62.0
43 44 27.0
43 45 37.0
43 46 29.0
43 47 72.0
43 48 100.0
43 49 55.0
43 50 56.0
43 51 66.0
43 52 31.0
43 53 100.0
43 54 100.0
43 55 28.0
43 56 63.0
43 57 30.0
43 58 69.0
43 59 70.0
43 60 81.0
43 61 43.0
43 62 47.0
43 63 80.0
43 64 67.0
43 65 50.0
43 66 50.0
43 67 25.0
43 68 49.0
43 69 97.0
43 70 45.0
43 71 32.0
43 72 94.0
43 73 42.0
43 74 43.0
43 75 43.0
43 76 41.0
43 77 54.0
43 78 46.0
43 79 54.0
43 80 95.0
43 81 32.0
43 82 77.0
43 83 42.0
43 84 38.0
43 85 97.0
43 86 33.0
43 87 79.0
43 88 65.0
43 89 39.0
43 90 91.0
43 91 79.0
43 92 60.0
43 93 100.0
43 94 87.0
43 95 37.0
43 96 28.0
43 97 25.0
43 98 32.0
43 99 53.0
44 45 78.0
44 46 60.0
44 47 72.0
44 48 45.0
44 49 92.0
44 50 52.0
44 51 41.0
44 52 30.0
44 53 48.0
44 54 48.0
44 55 67.0
44 56 50.0
44 57 46.0
44 58 58.0
44 59 100.0
44 60 48.0
44 61 67.0
44 62 77.0
44 63 97.0
44 64 79.0
44 65 89.0
44 66 52.0
44 67 28.0
44 68 30.0
44 69 82.0
44 70 54.0
44 71 51.0
44 72 28.0
44 73 39.0
44 74 96.0
44 75 66.0
44 76 64.0
44 77 78.0
44 78 41.0
44 79 77.0
44 80 44.0
44 81 34.0
44 82 95.0
44 83 90.0
44 84 60.0
44 85 49.0
44 86 75.0
44 87 26.0
44 88 86.0
44 89 52.0
44 90 56.0
44 91 95.0
44 92 91.0
44 93 98.0
44 94 66.0
44 95 83.0
44 96 96.0
44 97 68.0
44 98 87.0
44 99 81.0
45 46 71.0
45 47 28.0
45 48 39.0
45 49 47.0
45 50 33.0
45 51 84.0
45 52 84.0
45 53 69.0
45 54 68.0
45 55 73.0
45 56 25.0
45 57 91.0
45 58 87.0
45 59 66.0
45 60 29.0
45 61 49.0
45 62 39.0
45 63 75.0
45 64 70.0
45 65 30.0
45 66 91.0
45 67 44.0
45 68 72.0
45 69 69.0
45 70 38.0
45 71 52.0
45 72 75.0
45 73 99.0
45 74 90.0
45 75 98.0
45 76 84.0
45 77 78.0
45 78 98.0
45 79 73.0
45 80 47.0
45 81 42.0
45 82 98.0
45 83 30.0
45 84 42.0
45 85 25.0
45 86 41.0
45 87 53.0
45 88 89.0
45 89 32.0
45 90 54.0
45 91 81.0
45 92 25.0
45 93 95.0
45 94 78.0
45 95 67.0
45 96 61.0
45 97 53.0
45 98 97.0
45 99 86.0
46 47 86.0
46 48 78.0
46 49 34.0
46 50 60.0
46 51 54.0
46 52 87.0
46 53 68.0
46 54 36.0
46 55 38.0
46 56 59.0
46 57 42.0
46 58 25.0
46 59 34.0
46 60 42.0
46 61 59.0
46 62 36.0
46 63 48.0
46 64 39.0
46 65 61.0
46 66 68.0
46 67 53.0
46 68 44.0
46 69 70.0
46 70 99.0
46 71 39.0
46 72 82.0
46 73 87.0
46 74 69.0
46 75 45.0
46 76 87.0
46 77 100.0
46 78 51.0
46 79 28.0
46 80 40.0
46 81 63.0
46 82 40.0
46 83 31.0
46 84 29.0
46 85 38.0
46 86 56.0
46 87 98.0
46 88 60.0
46 89 70.0
46 90 81.0
46 91 45.0
46 92 27.0
46 93 81.0
46 94 85.0
46 95 58.0
46 96 53.0
46 97 60.0
46 98 44.0
46 99 60.0
47 48 98.0
47 49 63.0
47 50 62.0
47 51 48.0
47 52 96.0
47 53 56.0
47 54 52.0
47 55 70.0
47 56 83.0
47 57 25.0
47 58 77.0
47 59 47.0
47 60 46.0
47 61 53.0
47 62 67.0
47 63 95.0
47 64 26.0
47 65 86.0
47 66 74.0
47 67 68.0
47 68 71.0
47 69 28.0
47 70 93.0
47 71 67.0
47 72 87.0
47 73 48.0
47 74 70.0
47 75 79.0
47 76 48.0
47 77 56.0
47 78 100.0
47 79 39.0
47 80 86.0
47 81 78.0
47 82 96.0
47 83 95.0
47 84 72.0
47 85 95.0
47 86 42.0
47 87 84.0
47 88 82.0
47 89 36.0
47 90 57.0
47 91 48.0
47 92 35.0
47 93 72.0
47 94 54.0
47 95 99.0
47 96 33.0
47 97 93.0
47 98 83.0
47 99 54.0
48 49 68.0
48 50 90.0
48 51 80.0
48 52 31.0
48 53 43.0
48 54 32.0
48 55 59.0
48 56 34.0
48 57 27.0
48 58 56.0
48 59 97.0
48 60 90.0
48 61 43.0
48 62 86.0
48 63 37.0
48 64 45.0
48 65 42.0
48 66 93.0
48 67 57.0
48 68 82.0
48 69 75.0
48 70 84.0
48 71 93.0
48 72 53.0
48 73 62.0
48 74 91.0
48 75 70.0
48 76 77.0
48 77 91.0
48 78 66.0
48 79 81.0
48 80 83.0
48 81 85.0
48 82 85.0
48 83 89.0
48 84 98.0
48 85 34.0
48 86 59.0
48 87 37.0
48 88 58.0
48 89 70.0
48 90 65.0
48 91 85.0
48 92 56.0
48 93 86.0
48 94 30.0
48 95 29.0
48 96 52.0
48 97 37.0
48 98 57.0
48 99 80.0
49 50 35.0
49 51 100.0
49 52 51.0
49 53 28.0
49 54 78.0
49 55 39.0
49 56 78.0
49 57 57.0
49 58 62.0
49 59 55.0
49 60 49.0
49 61 63.0
49 62 95.0
49 63 71.0
49 64 53.0
49 65 86.0
49 66 51.0
49 67 71.0
49 68 62.0
49 69 51.0
49 70 62.0
49 71 90.0
49 72 47.0
49 73 60.0
49 74 30.0
49 75 93.0
49 76 31.0
49 77 30.0
49 78 93.0
49 79 94.0
49 80 90.0
49 81 70.0
49 82 64.0
49 83 71.0
49 84 28.0
49 85 47.0
49 86 60.0
49 87 73.0
49 88 47.0
49 89 58.0
49 90 65.0
49 91 37.0
49 92 27.0
49 93 84.0
49 94 63.0
49 95 38.0
49 96 55.0
49 97 59.0
49 98 37.0
49 99 67.0
50 51 38.0
50 52 46.0
50 53 55.0
50 54 73.0
50 55 90.0
50 56 45.0
50 57 76.0
50 58 46.0
50 59 48.0
50 60 45.0
50 61 32.0
50 62 74.0
50 63 87.0
50 64 49.0
50 65 32.0
50 66 46.0
50 67 28.0
50 68 28.0
50 69 88.0
50 70 79.0
50 71 92.0
50 72 63.0
50 73 87.0
50 74 91.0
50 75 65.0
50 76 32.0
50 77 45.0
50 78 51.0
50 79 39.0
50 80 61.0
50 81 49.0
50 82 48.0
50 83 41.0
50 84 97.0
50 85 99.0
50 86 56.0
50 87 28.0
50 88 73.0
50 89 40.0
50 90 86.0
50 91 43.0
50 92 98.0
50 93 55.0
50 94 77.0
50 95 64.0
50 96 74.0
50 97 50.0
50 98 75.0
50 99 79.0
51 52 52.0
51 53 43.0
51 54 43.0
51 55 83.0
51 56 40.0
51 57 72.0
51 58 45.0
51 59 34.0
51 60 40.0
51 61 73.0
51 62 100.0
51 63 48.0
51 64 43.0
51 65 29.0
51 66 93.0
51 67 84.0
51 68 83.0
51 69 31.0
51 70 91.0
51 71 73.0
51 72 67.0
51 73 100.0
51 74 31.0
51 75 45.0
51 76 75.0
51 77 43.0
51 78 79.0
51 79 100.0
51 80 87.0
51 81 35.0
51 82 76.0
51 83 63.0
51 84 95.0
51 85 57.0
51 86 60.0
51 87 85.0
51 88 61.0
51 89 68.0
51 90 92.0
51 91 66.0
51 92 92.0
51 93 75.0
51 94 84.0
51 95 59.0
51 96 48.0
51 97 96.0
51 98 87.0
51 99 35.0
52 53 48.0
52 54 94.0
52 55 53.0
52 56 62.0
52 57 66.0
52 58 86.0
52 59 88.0
52 60 78.0
52 61 94.0
52 62 66.0
52 63 94.0
52 64 60.0
52 65 44.0
52 66 67.0
52 67 39.0
52 68 42.0
52 69 93.0
52 70 44.0
52 71 65.0
52 72 66.0
52 73 34.0
52 74 69.0
52 75 46.0
52 76 81.0
52 77 32.0
52 78 61.0
52 79 82.0
52 80 76.0
52 81 67.0
52 82 35.0
52 83 49.0
52 84 37.0
52 85 79.0
52 86 57.0
52 87 88.0
52 88 48.0
52 89 78.0
52 90 72.0
52 91 40.0
52 92 62.0
52 93 80.0
52 94 60.0
52 95 98.0
52 96 92.0
52 97 57.0
52 98 86.0
52 99 100.0
53 54 45.0
53 55 82.0
53 56 68.0
53 57 85.0
53 58 99.0
53 59 83.0
53 60 83.0
53 61 52.0
53 62 26.0
53 63 65.0
53 64 57.0
53 65 49.0
53 66 48.0
53 67 96.0
53 68 72.0
53 69 32.0
53 70 32.0
53 71 51.0
53 72 97.0
53 73 83.0
53 74 72.0
53 75 87.0
53 76 80.0
53 77 47.0
53 78 86.0
53 79 49.0
53 80 64.0
53 81 42.0
53 82 73.0
53 83 40.0
53 84 51.0
53 85 72.0
53 86 71.0
53 87 74.0
53 88 75.0
53 89 67.0
53 90 25.0
53 91 74.0
53 92 77.0
53 93 27.0
53 94 72.0
53 95 42.0
53 96 63.0
53 97 26.0
53 98 53.0
53 99 46.0
54 55 86.0
54 56 87.0
54 57 82.0
54 58 38.0
54 59 64.0
54 60 97.0
54 61 92.0
54 62 80.0
54 63 35.0
54 64 82.0
54 65 61.0
54 66 49.0
54 67 78.0
54 68 60.0
54 69 41.0
54 70 57.0
54 71 61.0
54 72 99.0
54 73 30.0
54 74 68.0
54 75 58.0
54 76 54.0
54 77 56.0
54 78 76.0
54 79 54.0
54 80 31.0
54 81 89.0
54 82 95.0
54 83 53.0
54 84 70.0
54 85 58.0
54 86 80.0
54 87 47.0
54 88 64.0
54 89 27.0
54 90 72.0
54 91 31.0
54 92 50.0
54 93 29.0
54 94 74.0
54 95 90.0
54 96 95.0
54 97 64.0
54 98 39.0
54 99 59.0
55 56 48.0
55 57 41.0
55 58 100.0
55 59 72.0
55 60 46.0
55 61 81.0
55 62 37.0
55 63 88.0
55 64 32.0
55 65 65.0
55 66 43.0
55 67 93.0
55 68 35.0
55 69 92.0
55 70 30.0
55 71 67.0
55 72 33.0
55 73 45.0
55 74 42.0
55 75 94.0
55 76 64.0
55 77 55.0
55 78 54.0
55 79 96.0
55 80 38.0
55 81 35.0
55 82 90.0
55 83 97.0
55 84 61.0
55 85 39.0
55 86 73.0
55 87 85.0
55 88 50.0
55 89 70.0
55 90 92.0
55 91 76.0
55 92 75.0
55 93 56.0
55 94 100.0
55 95 38.0
55 96 98.0
55 97 94.0
55 98 80.0
55 99 67.0
56 57 100.0
56 58 26.0
56 59 35.0
56 60 25.0
56 61 34.0
56 62 33.0
56 63 53.0
56 64 36.0
56 65 99.0
56 66 43.0
56 67 75.0
56 68 51.0
56 69 44.0
56 70 45.0
56 71 60.0
56 72 84.0
56 73 67.0
56 74 72.0
56 75 73.0
56 76 40.0
56 77 42.0
56 78 77.0
56 79 69.0
56 80 34.0
56 81 79.0
56 82 37.0
56 83 42.0
56 84 61.0
56 85 70.0
56 86 73.0
56 87 44.0
56 88 94.0
56 89 44.0
56 90 41.0
56 91 46.0
56 92 32.0
56 93 43.0
56 94 57.0
56 95 85.0
56 96 70.0
56 97 37.0
56 98 94.0
56 99 65.0
57 58 90.0
57 59 34.0
57 60 32.0
57 61 91.0
57 62 60.0
57 63 93.0
57 64 86.0
57 65 27.0
57 66 35.0
57 67 63.0
57 68 64.0
57 69 54.0
57 70 67.0
57 71 73.0
57 72 68.0
57 73 40.0
57 74 92.0
57 75 53.0
57 76 42.0
57 77 37.0
57 78 95.0
57 79 68.0
57 80 66.0
57 81 83.0
57 82 97.0
57 83 57.0
57 84 98.0
57 85 82.0
57 86 47.0
57 87 76.0
57 88 79.0
57 89 79.0
57 90 31.0
57 91 50.0
57 92 74.0
57 93 39.0
57 94 57.0
57 95 38.0
57 96 74.0
57 97 50.0
57 98 62.0
57 99 97.0
58 59 49.0
58 60 78.0
58 61 34.0
58 62 73.0
58 63 28.0
58 64 38.0
58 65 57.0
58 66 43.0
58 67 94.0
58 68 71.0
58 69 94.0
58 70 91.0
58 71 60.0
58 72 40.0
58 73 50.0
58 74 84.0
58 75 39.0
58 76 80.0
58 77 53.0
58 78 31.0
58 79 62.0
58 80 60.0
58 81 74.0
58 82 44.0
58 83 75.0
58 84 94.0
58 85 54.0
58 86 83.0
58 87 88.0
58 88 62.0
58 89 84.0
58 90 78.0
58 91 60.0
58 92 41.0
58 93 49.0
58 94 55.0
58 95 98.0
58 96 65.0
58 97 83.0
58 98 85.0
58 99 40.0
59 60 51.0
59 61 63.0
59 62 54.0
59 63 96.0
59 64 84.0
59 65 53.0
59 66 95.0
59 67 96.0
59 68 34.0
59 69 29.0
59 70 93.0
59 71 99.0
59 72 77.0
59 73 85.0
59 74 94.0
59 75 48.0
59 76 72.0
59 77 50.0
59 78 86.0
59 79 96.0
59 80 57.0
59 81 64.0
59 82 66.0
59 83 30.0
59 84 71.0
59 85 61.0
59 86 100.0
59 87 80.0
59 88 68.0
59 89 47.0
59 90 95.0
59 91 47.0
59 92 62.0
59 93 87.0
59 94 94.0
59 95 64.0
59 96 70.0
59 97 61.0
59 98 57.0
59 99 98.0
60 61 54.0
60 62 95.0
60 63 53.0
60 64 28.0
60 65 85.0
60 66 77.0
60 67 89.0
60 68 42.0
60 69 69.0
60 70 25.0
60 71 63.0
60 72 27.0
60 73 41.0
60 74 70.0
60 75 30.0
60 76 99.0
60 77 72.0
60 78 99.0
60 79 43.0
60 80 31.0
60 81 79.0
60 82 62.0
60 83 71.0
60 84 38.0
60 85 95.0
60 86 68.0
60 87 72.0
60 88 35.0
60 89 81.0
60 90 31.0
60 91 75.0
60 92 69.0
60 93 35.0
60 94 96.0
60 95 71.0
60 96 92.0
60 97 26.0
60 98 30.0
60 99 28.0
61 62 69.0
61 63 54.0
61 64 31.0
61 65 44.0
61 66 41.0
61 67 62.0
61 68 44.0
61 69 37.0
61 70 51.0
61 71 36.0
61 72 70.0
61 73 58.0
61 74 80.0
61 75 100.0
61 76 55.0
61 77 85.0
61 78 100.0
61 79 86.0
61 80 91.0
61 81 57.0
61 82 92.0
61 83 78.0
61 84 30.0
61 85 41.0
61 86 62.0
61 87 73.0
61 88 73.0
61 89 67.0
61 90 79.0
61 91 73.0
61 92 77.0
61 93 55.0
61 94 71.0
61 95 69.0
61 96 56.0
61 97 38.0
61 98 31.0
61 99 47.0
62 63 76.0
62 64 36.0
62 65 76.0
62 66 55.0
62 67 65.0
62 68 100.0
62 69 42.0
62 70 28.0
62 71 40.0
62 72 32.0
62 73 43.0
62 74 68.0
62 75 33.0
62 76 73.0
62 77 80.0
62 78 82.0
62 79 83.0
62 80 62.0
62 81 44.0
62 82 88.0
62 83 36.0
62 84 78.0
62 85 63.0
62 86 64.0
62 87 49.0
62 88 31.0
62 89 50.0
62 90 40.0
62 91 35.0
62 92 33.0
62 93 36.0
62 94 88.0
62 95 71.0
62 96 99.0
62 97 99.0
62 98 72.0
62 99 66.0
63 64 57.0
63 65 79.0
63 66 53.0
63 67 37.0
63 68 30.0
63 69 95.0
63 70 58.0
63 71 33.0
63 72 62.0
63 73 93.0
63 74 47.0
63 75 30.0
63 76 52.0
63 77 90.0
63 78 56.0
63 79 97.0
63 80 79.0
63 81 60.0
63 82 31.0
63 83 42.0
63 84 35.0
63 85 82.0
63 86 94.0
63 87 86.0
63 88 34.0
63 89 39.0
63 90 46.0
63 91 80.0
63 92 77.0
63 93 57.0
63 94 95.0
63 95 73.0
63 96 88.0
63 97 51.0
63 98 49.0
63 99 53.0
64 65 64.0
64 66 48.0
64 67 100.0
64 68 57.0
64 69 44.0
64 70 88.0
64 71 89.0
64 72 65.0
64 73 45.0
64 74 37.0
64 75 44.0
64 76 77.0
64 77 75.0
64 78 46.0
64 79 39.0
64 80 47.0
64 81 38.0
64 82 59.0
64 83 97.0
64 84 70.0
64 85 56.0
64 86 78.0
64 87 91.0
64 88 88.0
64 89 81.0
64 90 74.0
64 91 95.0
64 92 57.0
64 93 69.0
64 94 47.0
64 95 50.0
64 96 100.0
64 97 79.0
64 98 29.0
64 99 68.0
65 66 95.0
65 67 52.0
65 68 32.0
65 69 75.0
65 70 87.0
65 71 25.0
65 72 52.0
65 73 58.0
65 74 99.0
65 75 25.0
65 76 57.0
65 77 35.0
65 78 72.0
65 79 75.0
65 80 38.0
65 81 50.0
65 82 90.0
65 83 49.0
65 84 76.0
65 85 33.0
65 86 44.0
65 87 30.0
65 88 55.0
65 89 99.0
65 90 70.0
65 91 92.0
65 92 63.0
65 93 93.0
65 94 64.0
65 95 55.0
65 96 98.0
65 97 85.0
65 98 51.0
65 99 60.0
66 67 49.0
66 68 55.0
66 69 32.0
66 70 68.0
66 71 36.0
66 72 80.0
66 73 78.0
66 74 94.0
66 75 66.0
66 76 80.0
66 77 41.0
66 78 76.0
66 79 74.0
66 80 80.0
66 81 53.0
66 82 89.0
66 83 84.0
66 84 51.0
66 85 61.0
66 86 33.0
66 87 42.0
66 88 45.0
66 89 48.0
66 90 28.0
66 91 51.0
66 92 72.0
66 93 84.0
66 94 97.0
66 95 31.0
66 96 94.0
66 97 98.0
66 98 74.0
66 99 71.0
67 68 81.0
67 69 95.0
67 70 28.0
67 71 53.0
67 72 37.0
67 73 77.0
67 74 86.0
67 75 89.0
67 76 74.0
67 77 58.0
67 78 80.0
67 79 44.0
67 80 54.0
67 81 89.0
67 82 70.0
67 83 88.0
67 84 74.0
67 85 69.0
67 86 48.0
67 87 84.0
67 88 62.0
67 89 72.0
67 90 81.0
67 91 52.0
67 92 81.0
67 93 46.0
67 94 83.0
67 95 81.0
67 96 65.0
67 97 87.0
67 98 33.0
67 99 53.0
68 69 44.0
68 70 64.0
68 71 52.0
68 72 66.0
68 73 44.0
68 74 73.0
68 75 88.0
68 76 63.0
68 77 98.0
68 78 96.0
68 79 59.0
68 80 67.0
68 81 59.0
68 82 65.0
68 83 95.0
68 84 58.0
68 85 50.0
68 86 44.0
68 87 41.0
68 88 61.0
68 89 58.0
68 90 61.0
68 91 77.0
68 92 99.0
68 93 88.0
68 94 71.0
68 95 37.0
68 96 97.0
68 97 29.0
68 98 99.0
68 99 100.0
69 70 74.0
69 71 41.0
69 72 63.0
69 73 97.0
69 74 88.0
69 75 100.0
69 76 49.0
69 77 87.0
69 78 37.0
69 79 40.0
69 80 39.0
69 81 49.0
69 82 54.0
69 83 60.0
69 84 46.0
69 85 59.0
69 86 57.0
69 87 65.0
69 88 89.0
69 89 37.0
69 90 35.0
69 91 65.0
69 92 65.0
69 93 49.0
69 94 37.0
69 95 74.0
69 96 39.0
69 97 68.0
69 98 45.0
69 99 64.0
70 71 54.0
70 72 56.0
70 73 27.0
70 74 32.0
70 75 55.0
70 76 44.0
70 77 36.0
70 78 57.0
70 79 66.0
70 80 90.0
70 81 37.0
70 82 84.0
70 83 29.0
70 84 81.0
70 85 78.0
70 86 59.0
70 87 64.0
70 88 38.0
70 89 50.0
70 90 78.0
70 91 43.0
70 92 55.0
70 93 38.0
70 94 84.0
70 95 35.0
70 96 97.0
70 97 84.0
70 98 53.0
70 99 56.0
71 72 81.0
71 73 88.0
71 74 90.0
71 75 27.0
71 76 55.0
71 77 61.0
71 78 60.0
71 79 88.0
71 80 98.0
71 81 44.0
71 82 46.0
71 83 75.0
71 84 26.0
71 85 70.0
71 86 97.0
71 87 86.0
71 88 36.0
71 89 68.0
71 90 61.0
71 91 63.0
71 92 50.0
71 93 72.0
71 94 73.0
71 95 77.0
71 96 77.0
71 97 43.0
71 98 70.0
71 99 70.0
72 73 82.0
72 74 28.0
72 75 77.0
72 76 40.0
72 77 46.0
72 78 59.0
72 79 59.0
72 80 28.0
72 81 90.0
72 82 92.0
72 83 59.0
72 84 40.0
72 85 31.0
72 86 25.0
72 87 76.0
72 88 77.0
72 89 74.0
72 90 89.0
72 91 90.0
72 92 58.0
72 93 35.0
72 94 69.0
72 95 77.0
72 96 51.0
72 97 48.0
72 98 98.0
72 99 53.0
73 74 38.0
73 75 73.0
73 76 48.0
73 77 58.0
73 78 68.0
73 79 52.0
73 80 83.0
73 81 88.0
73 82 61.0
73 83 68.0
73 84 86.0
73 85 66.0
73 86 32.0
73 87 59.0
73 88 86.0
73 89 74.0
73 90 58.0
73 91 92.0
73 92 61.0
73 93 50.0
73 94 87.0
73 95 38.0
73 96 94.0
73 97 43.0
73 98 46.0
73 99 38.0
74 75 74.0
74 76 92.0
74 77 74.0
74 78 39.0
74 79 82.0
74 80 95.0
74 81 82.0
74 82 94.0
74 83 54.0
74 84 80.0
74 85 81.0
74 86 39.0
74 87 50.0
74 88 56.0
74 89 25.0
74 90 67.0
74 91 49.0
74 92 67.0
74 93 40.0
74 94 54.0
74 95 78.0
74 96 35.0
74 97 79.0
74 98 64.0
74 99 71.0
75 76 56.0
75 77 74.0
75 78 26.0
75 79 28.0
75 80 28.0
75 81 55.0
75 82 77.0
75 83 37.0
75 84 74.0
75 85 59.0
75 86 42.0
75 87 87.0
75 88 28.0
75 89 91.0
75 90 74.0
75 91 95.0
75 92 72.0
75 93 67.0
75 94 98.0
75 95 26.0
75 96 53.0
75 97 49.0
75 98 82.0
75 99 26.0
76 77 26.0
76 78 88.0
76 79 43.0
76 80 87.0
76 81 85.0
76 82 36.0
76 83 59.0
76 84 74.0
76 85 32.0
76 86 55.0
76 87 52.0
76 88 39.0
76 89 25.0
76 90 72.0
76 91 77.0
76 92 87.0
76 93 85.0
76 94 99.0
76 95 92.0
76 96 30.0
76 97 61.0
76 98 40.0
76 99 53.0
77 78 84.0
77 79 43.0
77 80 31.0
77 81 49.0
77 82 82.0
77 83 45.0
77 84 49.0
77 85 80.0
77 86 83.0
77 87 100.0
77 88 46.0
77 89 37.0
77 90 68.0
77 91 50.0
77 92 33.0
77 93 42.0
77 94 45.0
77 95 45.0
77 96 31.0
77 97 73.0
77 98 28.0
77 99 42.0
78 79 34.0
78 80 31.0
78 81 57.0
78 82 73.0
78 83 46.0
78 84 46.0
78 85 50.0
78 86 79.0
78 87 60.0
78 88 82.0
78 89 45.0
78 90 77.0
78 91 95.0
78 92 66.0
78 93 66.0
78 94 70.0
78 95 99.0
78 96 70.0
78 97 40.0
78 98 34.0
78 99 94.0
79 80 91.0
79 81 57.0
79 82 62.0
79 83 37.0
79 84 47.0
79 85 46.0
79 86 67.0
79 87 35.0
79 88 62.0
79 89 79.0
79 90 96.0
79 91 92.0
79 92 48.0
79 93 41.0
79 94 54.0
79 95 41.0
79 96 67.0
79 97 80.0
79 98 66.0
79 99 33.0
80 81 94.0
80 82 63.0
80 83 86.0
80 84 41.0
80 85 82.0
80 86 86.0
80 87 33.0
80 88 79.0
80 89 54.0
80 90 84.0
80 91 88.0
80 92 50.0
80 93 59.0
80 94 39.0
80 95 31.0
80 96 77.0
80 97 34.0
80 98 58.0
80 99 39.0
81 82 32.0
81 83 56.0
81 84 62.0
81 85 39.0
81 86 49.0
81 87 45.0
81 88 79.0
81 89 76.0
81 90 75.0
81 91 100.0
81 92 91.0
81 93 94.0
81 94 60.0
81 95 71.0
81 96 83.0
81 97 89.0
81 98 65.0
81 99 35.0
82 83 38.0
82 84 33.0
82 85 58.0
82 86 93.0
82 87 55.0
82 88 28.0
82 89 77.0
82 90 76.0
82 91 74.0
82 92 79.0
82 93 63.0
82 94 59.0
82 95 69.0
82 96 93.0
82 97 51.0
82 98 44.0
82 99 41.0
83 84 49.0
83 85 45.0
83 86 47.0
83 87 65.0
83 88 27.0
83 89 43.0
83 90 57.0
83 91 37.0
83 92 52.0
83 93 64.0
83 94 41.0
83 95 43.0
83 96 28.0
83 97 47.0
83 98 70.0
83 99 94.0
84 85 85.0
84 86 74.0
84 87 46.0
84 88 91.0
84 89 29.0
84 90 98.0
84 91 60.0
84 92 58.0
84 93 29.0
84 94 47.0
84 95 54.0
84 96 94.0
84 97 48.0
84 98 47.0
84 99 60.0
85 86 100.0
85 87 36.0
85 88 55.0
85 89 76.0
85 90 86.0
85 91 74.0
85 92 48.0
85 93 31.0
85 94 83.0
85 95 32.0
85 96 42.0
85 97 98.0
85 98 32.0
85 99 91.0
86 87 54.0
86 88 97.0
86 89 64.0
86 90 28.0
86 91 74.0
86 92 44.0
86 93 31.0
86 94 66.0
86 95 52.0
86 96 64.0
86 97 39.0
86 98 93.0
86 99 61.0
87 88 94.0
87 89 45.0
87 90 93.0
87 91 30.0
87 92 58.0
87 93 90.0
87 94 26.0
87 95 99.0
87 96 55.0
87 97 85.0
87 98 91.0
87 99 77.0
88 89 78.0
88 90 92.0
88 91 64.0
88 92 100.0
88 93 58.0
88 94 66.0
88 95 60.0
88 96 49.0
88 97 52.0
88 98 79.0
88 99 47.0
89 90 77.0
89 91 39.0
89 92 33.0
89 93 92.0
89 94 93.0
89 95 57.0
89 96 55.0
89 97 32.0
89 98 88.0
89 99 47.0
90 91 71.0
90 92 86.0
90 93 36.0
90 94 42.0
90 95 61.0
90 96 100.0
90 97 52.0
90 98 30.0
90 99 29.0
91 92 67.0
91 93 68.0
91 94 61.0
91 95 52.0
91 96 79.0
91 97 25.0
91 98 77.0
91 99 71.0
92 93 27.0
92 94 61.0
92 95 96.0
92 96 86.0
92 97 45.0
92 98 67.0
92 99 44.0
93 94 72.0
93 95 96.0
93 96 38.0
93 97 53.0
93 98 91.0
93 99 37.0
94 95 76.0
94 96 32.0
94 97 96.0
94 98 94.0
94 99 62.0
95 96 76.0
95 97 61.0
95 98 27.0
95 99 73.0
96 97 44.0
96 98 43.0
96 99 72.0
97 98 66.0
97 99 40.0
98 99 86.0
