100
0 1 7
0 2 39
0 3 92
0 4 92
0 5 10
0 6 42
0 7 92
0 8 16
0 9 11
0 10 9
0 11 100
0 12 17
0 13 88
0 14 95
0 15 59
0 16 89
0 17 87
0 18 99
0 19 73
0 20 79
0 21 42
0 22 9
0 23 21
0 24 28
0 25 42
0 26 1
0 27 83
0 28 41
0 29 8
0 30 8
0 31 20
0 32 54
0 33 18
0 34 93
0 35 57
0 36 64
0 37 62
0 38 91
0 39 42
0 40 60
0 41 87
0 42 34
0 43 38
0 44 83
0 45 9
0 46 32
0 47 12
0 48 79
0 49 70
0 50 71
0 51 36
0 52 9
0 53 60
0 55 69
0 56 61
0 57 35
0 58 71
0 59 69
0 60 77
0 61 72
0 62 83
0 63 92
0 64 25
0 65 45
0 66 91
0 67 16
0 68 61
0 69 11
0 70 8
0 71 5
0 72 69
0 73 87
0 74 77
0 75 20
0 76 89
0 77 1
0 78 19
0 79 26
0 80 55
0 81 8
0 82 42
0 83 57
0 85 69
0 86 35
0 87 94
0 88 100
0 89 68
0 90 65
0 91 31
0 92 78
0 93 18
0 94 3
0 95 6
0 96 30
0 97 38
0 98 73
0 99 10
1 0 85
1 2 35
1 3 67
1 4 29
1 5 36
1 6 1
1 7 15
1 8 75
1 9 37
1 10 8
1 11 68
1 12 55
1 13 65
1 14 91
1 15 23
1 16 85
1 17 72
1 18 33
1 19 54
1 20 83
1 21 94
1 22 45
1 23 65
1 24 37
1 25 35
1 26 67
1 27 9
1 28 82
1 29 24
1 30 86
1 31 10
1 32 35
1 33 1
1 34 65
1 35 94
1 36 29
1 37 39
1 38 32
1 39 74
1 40 9
1 41 20
1 42 30
1 43 70
1 44 9
1 45 75
1 46 68
1 47 9
1 48 74
1 49 100
1 50 24
1 51 75
1 52 100
1 53 95
1 54 68
1 55 48
1 56 41
1 57 29
1 58 49
1 59 5
1 60 99
1 61 7
1 62 59
1 63 85
1 64 82
1 65 70
1 66 1
1 67 1
1 68 3
1 69 38
1 70 77
1 71 2
1 72 87
1 73 51
1 74 27
1 75 98
1 76 20
1 77 1
1 78 59
1 79 87
1 80 53
1 81 33
1 82 80
1 83 88
1 84 66
1 86 100
1 87 12
1 88 61
1 89 14
1 90 24
1 91 33
1 92 52
1 93 71
1 94 62
1 95 99
1 96 26
1 97 82
1 98 94
1 99 25
2 0 96
2 1 85
2 3 77
2 4 100
2 5 20
2 6 64
2 7 85
2 8 24
2 9 13
2 10 39
2 11 67
2 12 91
2 13 44
2 14 86
2 15 73
2 16 11
2 17 68
2 18 94
2 19 57
2 20 6
2 21 89
2 22 87
2 23 74
2 24 62
2 25 94
2 26 64
2 27 76
2 28 82
2 29 92
2 30 4
2 31 5
2 32 10
2 33 75
2 34 3
2 35 77
2 36 52
2 37 67
2 38 60
2 39 86
2 40 16
2 41 18
2 42 72
2 43 55
2 44 99
2 45 72
2 46 20
2 48 39
2 49 44
2 50 60
2 51 56
2 52 19
2 53 9
2 54 25
2 55 82
2 56 74
2 57 66
2 58 81
2 59 67
2 61 26
2 62 61
2 63 60
2 64 74
2 65 49
2 66 68
2 67 7
2 68 82
2 69 67
2 70 20
2 71 28
2 72 5
2 73 19
2 74 97
2 75 57
2 76 54
2 77 25
2 78 49
2 79 4
2 80 28
2 81 37
2 82 42
2 83 64
2 84 20
2 85 94
2 86 38
2 87 22
2 88 37
2 89 80
2 90 50
2 91 57
2 92 98
2 93 38
2 94 94
2 95 99
2 96 18
2 97 50
2 98 79
2 99 3
3 0 49
3 1 66
3 2 65
3 4 3
3 5 56
3 6 58
3 7 12
3 8 91
3 9 78
3 10 4
3 11 75
3 12 76
3 13 80
3 14 38
3 15 69
3 16 46
3 17 66
3 18 90
3 19 86
3 20 15
3 21 59
3 22 34
3 23 95
3 24 88
3 25 38
3 26 60
3 27 94
3 28 3
3 29 41
3 30 60
3 31 32
3 32 39
3 33 48
3 34 77
3 35 95
3 36 12
3 37 89
3 38 77
3 39 100
3 40 38
3 41 11
3 42 76
3 43 13
3 44 48
3 45 45
3 46 40
3 47 12
3 48 67
3 49 69
3 50 59
3 51 58
3 52 92
3 53 15
3 54 44
3 55 93
3 56 47
3 57 58
3 58 58
3 59 99
3 60 7
3 61 27
3 62 13
3 63 58
3 64 18
3 65 56
3 66 50
3 67 58
3 68 46
3 69 29
3 70 71
3 71 100
3 72 50
3 73 41
3 74 21
3 75 6
3 76 10
3 77 29
3 78 23
3 79 75
3 80 31
3 81 24
3 82 16
3 83 55
3 84 76
3 85 25
3 86 61
3 87 79
3 88 78
3 89 100
3 90 43
3 91 96
3 92 53
3 93 70
3 94 30
3 95 9
3 96 18
3 97 55
3 98 31
3 99 77
4 0 8
4 1 59
4 2 62
4 3 66
4 5 4
4 6 62
4 7 68
4 8 89
4 9 31
4 10 10
4 11 85
4 12 52
4 13 12
4 14 55
4 15 78
4 16 100
4 17 43
4 18 68
4 19 2
4 20 24
4 21 21
4 22 77
4 23 61
4 24 61
4 25 62
4 26 73
4 27 6
4 28 54
4 29 62
4 30 19
4 31 57
4 32 90
4 33 43
4 34 23
4 35 45
4 36 9
4 37 84
4 38 42
4 39 68
4 40 30
4 41 28
4 42 5
4 43 21
4 44 79
4 45 8
4 46 49
4 47 10
4 48 64
4 49 12
4 50 36
4 51 25
4 52 77
4 53 83
4 54 2
4 55 11
4 56 64
4 57 85
4 58 100
4 59 99
4 60 94
4 61 13
4 62 83
4 63 46
4 64 7
4 65 11
4 66 34
4 67 83
4 68 4
4 69 53
4 70 26
4 71 70
4 72 84
4 73 12
4 74 18
4 75 2
4 76 18
4 77 16
4 78 96
4 79 19
4 80 13
4 81 91
4 82 43
4 83 32
4 84 64
4 85 24
4 86 42
4 87 25
4 88 15
4 89 30
4 90 84
4 91 64
4 92 85
4 93 41
4 94 1
4 95 1
4 96 98
4 97 12
4 98 52
4 99 23
5 0 89
5 1 89
5 2 97
5 3 79
5 4 9
5 6 83
5 7 84
5 8 17
5 9 27
5 10 34
5 11 59
5 12 34
5 13 100
5 14 67
5 15 13
5 16 68
5 17 43
5 18 39
5 19 30
5 20 13
5 21 47
5 22 61
5 23 75
5 24 15
5 25 84
5 26 72
5 27 31
5 28 94
5 29 63
5 30 75
5 31 44
5 32 97
5 33 44
5 34 25
5 35 14
5 36 30
5 37 18
5 38 26
5 39 57
5 40 75
5 41 3
5 42 78
5 43 9
5 44 65
5 45 28
5 46 27
5 47 89
5 48 43
5 49 92
5 50 100
5 51 75
5 52 80
5 53 25
5 54 84
5 55 54
5 56 40
5 57 42
5 58 99
5 59 66
5 60 31
5 61 28
5 62 69
5 63 23
5 64 62
5 65 84
5 66 16
5 67 36
5 68 79
5 69 8
5 70 59
5 71 35
5 72 11
5 73 14
5 74 75
5 76 18
5 77 39
5 78 18
5 79 38
5 80 9
5 81 67
5 82 63
5 83 57
5 84 40
5 85 44
5 86 54
5 87 3
5 88 5
5 89 88
5 90 40
5 91 39
5 92 49
5 93 34
5 94 80
5 95 95
5 96 52
5 97 33
5 98 47
5 99 54
6 0 78
6 1 40
6 2 72
6 3 56
6 4 61
6 5 87
6 7 43
6 8 2
6 9 28
6 10 88
6 11 76
6 12 28
6 13 5
6 14 54
6 15 67
6 16 49
6 17 74
6 18 26
6 19 37
6 20 92
6 21 75
6 22 35
6 23 2
6 24 6
6 25 6
6 26 7
6 27 88
6 28 82
6 29 45
6 30 7
6 31 52
6 32 92
6 33 7
6 34 81
6 35 7
6 36 97
6 37 12
6 38 22
6 39 10
6 40 21
6 41 7
6 42 4
6 43 1
6 44 76
6 45 86
6 46 20
6 47 26
6 48 7
6 49 22
6 50 65
6 51 79
6 52 40
6 53 92
6 54 95
6 55 73
6 56 70
6 57 19
6 58 1
6 59 50
6 60 72
6 61 94
6 62 79
6 63 54
6 64 2
6 65 32
6 66 15
6 67 73
6 68 81
6 69 96
6 70 57
6 71 27
6 72 7
6 73 72
6 74 17
6 75 24
6 76 1
6 77 85
6 78 75
6 79 99
6 80 13
6 81 44
6 82 37
6 83 9
6 84 21
6 85 93
6 86 32
6 87 87
6 88 99
6 89 28
6 90 43
6 91 50
6 92 14
6 93 90
6 94 96
6 95 14
6 96 78
6 97 31
6 98 62
6 99 79
7 0 99
7 1 90
7 2 38
7 3 4
7 4 55
7 5 7
7 6 27
7 8 53
7 9 82
7 10 2
7 11 40
7 12 71
7 13 85
7 14 22
7 15 61
7 16 55
7 17 64
7 18 50
7 19 53
7 20 57
7 21 94
7 22 52
7 23 12
7 24 58
7 25 17
7 26 62
7 27 8
7 28 22
7 29 3
7 30 54
7 31 74
7 32 34
7 33 53
7 34 3
7 35 28
7 36 49
7 37 68
7 38 87
7 39 100
7 40 24
7 41 80
7 42 5
7 43 65
7 44 47
7 45 56
7 46 74
7 47 28
7 48 10
7 49 14
7 50 60
7 51 46
7 52 46
7 53 47
7 54 57
7 55 73
7 56 2
7 57 39
7 58 81
7 59 68
7 60 17
7 61 58
7 62 96
7 63 15
7 64 88
7 65 28
7 66 2
7 67 93
7 68 2
7 69 14
7 70 94
7 71 2
7 72 10
7 73 11
7 74 82
7 75 65
7 76 29
7 77 40
7 78 14
7 79 3
7 80 17
7 81 74
7 82 24
7 83 69
7 84 55
7 85 10
7 86 28
7 87 33
7 88 40
7 89 58
7 90 52
7 91 38
7 92 74
7 93 46
7 94 61
7 95 92
7 96 37
7 97 18
7 98 17
7 99 98
8 0 28
8 1 75
8 3 73
8 4 91
8 5 54
8 6 86
8 7 58
8 9 29
8 10 16
8 11 33
8 12 83
8 13 45
8 14 13
8 15 18
8 16 30
8 17 39
8 18 44
8 19 9
8 20 13
8 21 53
8 22 44
8 23 33
8 24 25
8 25 71
8 26 94
8 27 56
8 28 45
8 29 53
8 30 13
8 31 55
8 32 75
8 33 25
8 34 65
8 35 5
8 36 34
8 37 44
8 38 85
8 39 83
8 40 50
8 41 49
8 42 88
8 43 54
8 44 61
8 45 4
8 46 32
8 47 3
8 48 59
8 49 58
8 50 36
8 51 95
8 52 3
8 53 20
8 54 9
8 55 36
8 56 80
8 57 91
8 58 36
8 59 18
8 60 42
8 61 72
8 62 94
8 63 65
8 64 12
8 65 55
8 66 36
8 67 73
8 68 78
8 69 94
8 70 44
8 71 29
8 72 28
8 73 30
8 74 79
8 75 4
8 76 99
8 77 88
8 78 88
8 79 9
8 80 48
8 81 38
8 82 91
8 83 86
8 84 18
8 85 80
8 86 36
8 87 82
8 88 76
8 89 94
8 90 81
8 91 2
8 92 5
8 93 19
8 94 46
8 95 12
8 96 5
8 97 90
8 98 33
8 99 1
9 0 94
9 1 33
9 2 33
9 3 23
9 4 23
9 5 60
9 6 94
9 7 13
9 8 70
9 10 12
9 11 98
9 12 90
9 13 3
9 14 1
9 15 57
9 16 90
9 17 78
9 18 34
9 19 63
9 20 43
9 21 54
9 22 20
9 24 91
9 25 24
9 26 7
9 27 39
9 28 11
9 29 94
9 30 41
9 31 8
9 32 51
9 33 74
9 34 34
9 35 39
9 36 1
9 37 23
9 38 42
9 39 44
9 40 36
9 41 45
9 42 32
9 43 70
9 44 78
9 45 89
9 46 53
9 47 32
9 48 21
9 49 95
9 50 72
9 51 24
9 52 74
9 53 83
9 54 54
9 55 35
9 56 91
9 57 80
9 58 22
9 59 57
9 60 68
9 61 19
9 62 61
9 63 86
9 64 12
9 65 25
9 66 33
9 67 61
9 68 28
9 69 74
9 70 1
9 71 25
9 72 94
9 73 51
9 74 48
9 75 90
9 76 28
9 77 76
9 78 84
9 79 4
9 80 100
9 81 13
9 82 100
9 83 3
9 84 16
9 85 42
9 86 81
9 87 70
9 88 42
9 89 93
9 90 69
9 91 65
9 92 10
9 93 27
9 94 89
9 95 44
9 96 46
9 97 63
9 98 28
9 99 23
10 0 27
10 1 93
10 2 78
10 4 38
10 5 90
10 6 11
10 7 4
10 8 52
10 9 52
10 11 39
10 12 45
10 13 97
10 14 84
10 15 43
10 16 47
10 17 67
10 18 38
10 19 88
10 20 34
10 21 79
10 22 14
10 23 6
10 24 43
10 25 54
10 26 54
10 27 69
10 28 21
10 29 72
10 30 36
10 31 40
10 32 64
10 33 97
10 34 93
10 35 94
10 36 53
10 37 53
10 38 87
10 39 72
10 40 32
10 41 82
10 42 62
10 43 72
10 44 25
10 45 88
10 46 44
10 47 27
10 48 55
10 49 18
10 50 86
10 51 67
10 52 79
10 53 100
10 54 15
10 55 46
10 56 84
10 57 58
10 58 59
10 59 67
10 60 10
10 61 24
10 62 71
10 63 32
10 64 7
10 65 60
10 66 71
10 67 89
10 68 29
10 69 53
10 70 61
10 71 37
10 72 95
10 73 78
10 74 41
10 75 63
10 76 52
10 77 72
10 78 18
10 79 91
10 80 86
10 81 68
10 82 85
10 83 17
10 84 24
10 85 84
10 86 67
10 87 74
10 88 33
10 89 30
10 90 26
10 91 1
10 92 5
10 93 78
10 94 96
10 95 30
10 96 78
10 97 11
10 98 54
10 99 29
11 0 89
11 1 32
11 2 69
11 3 78
11 4 4
11 5 79
11 6 42
11 7 27
11 8 9
11 9 50
11 10 68
11 12 88
11 13 64
11 14 39
11 15 77
11 16 91
11 17 47
11 18 44
11 19 50
11 20 97
11 21 30
11 22 59
11 23 42
11 24 95
11 25 18
11 26 3
11 27 23
11 28 66
11 29 49
11 30 3
11 31 2
11 32 25
11 33 52
11 34 96
11 35 53
11 36 38
11 37 29
11 38 80
11 39 98
11 40 81
11 41 48
11 42 78
11 43 23
11 44 52
11 45 55
11 46 72
11 47 48
11 48 94
11 49 80
11 50 92
11 51 42
11 52 30
11 53 72
11 55 98
11 56 94
11 57 68
11 59 76
11 60 71
11 61 17
11 62 42
11 63 69
11 64 67
11 65 56
11 66 54
11 67 30
11 68 50
11 69 5
11 70 10
11 71 81
11 72 54
11 73 73
11 74 18
11 75 77
11 76 41
11 77 73
11 78 51
11 79 7
11 80 18
11 81 91
11 82 85
11 83 6
11 84 16
11 85 50
11 86 15
11 87 69
11 88 31
11 89 51
11 90 73
11 91 88
11 92 10
11 93 95
11 94 48
11 95 79
11 96 23
11 97 90
11 98 5
11 99 68
12 0 85
12 1 97
12 2 58
12 3 52
12 4 40
12 5 67
12 6 35
12 7 17
12 8 74
12 9 15
12 10 93
12 11 29
12 13 36
12 14 16
12 15 14
12 16 90
12 17 86
12 18 46
12 19 43
12 20 53
12 21 28
12 22 86
12 23 30
12 24 27
12 25 62
12 26 85
12 27 58
12 28 57
12 29 47
12 30 80
12 31 23
12 32 63
12 33 22
12 35 98
12 36 44
12 37 71
12 38 3
12 39 56
12 40 87
12 41 11
12 42 34
12 43 36
12 44 84
12 45 1
12 46 64
12 47 14
12 48 53
12 49 7
12 50 33
12 51 2
12 52 32
12 53 81
12 54 59
12 55 72
12 56 89
12 57 82
12 58 89
12 59 99
12 60 62
12 61 46
12 62 95
12 63 22
12 64 79
12 65 76
12 66 1
12 67 58
12 68 76
12 69 32
12 70 61
12 71 97
12 72 41
12 73 13
12 74 15
12 75 47
12 76 81
12 77 93
12 78 80
12 79 80
12 80 57
12 81 69
12 82 30
12 83 99
12 84 49
12 85 10
12 86 96
12 87 87
12 88 38
12 90 10
12 91 70
12 92 92
12 93 12
12 94 17
12 95 44
12 96 95
12 97 5
12 98 55
12 99 2
13 0 11
13 1 45
13 2 45
13 3 58
13 4 1
13 5 22
13 6 35
13 7 92
13 8 79
13 9 2
13 10 93
13 11 47
13 12 98
13 14 85
13 15 10
13 16 43
13 17 34
13 18 73
13 19 4
13 20 38
13 21 66
13 22 60
13 23 93
13 24 20
13 25 66
13 26 24
13 27 77
13 28 53
13 29 20
13 30 37
13 31 46
13 32 12
13 33 8
13 34 31
13 35 34
13 36 22
13 37 48
13 38 14
13 39 1
13 40 48
13 41 99
13 42 46
13 43 69
13 44 11
13 45 64
13 46 23
13 47 95
13 48 48
13 49 59
13 50 31
13 51 89
13 52 53
13 53 90
13 54 51
13 55 41
13 56 27
13 57 26
13 59 10
13 60 17
13 61 70
13 62 68
13 63 76
13 64 100
13 65 77
13 66 87
13 67 23
13 68 42
13 69 95
13 70 52
13 71 72
13 72 55
13 73 87
13 75 30
13 76 21
13 77 46
13 78 8
13 79 97
13 80 67
13 81 26
13 82 64
13 83 6
13 84 70
13 85 21
13 86 42
13 87 34
13 88 55
13 89 6
13 90 52
13 91 33
13 92 20
13 93 56
13 94 80
13 95 74
13 96 13
13 97 92
13 98 53
13 99 44
14 0 97
14 1 71
14 2 71
14 3 14
14 4 70
14 5 38
14 6 63
14 7 36
14 8 82
14 9 93
14 10 3
14 11 32
14 12 50
14 13 56
14 15 21
14 16 59
14 17 2
14 18 84
14 19 27
14 20 21
14 21 75
14 22 54
14 23 53
14 24 63
14 25 58
14 26 74
14 27 34
14 28 27
14 29 33
14 30 99
14 31 98
14 32 48
14 33 61
14 34 2
14 35 48
14 36 76
14 37 85
14 38 99
14 39 85
14 40 54
14 41 29
14 42 100
14 43 71
14 44 88
14 45 58
14 46 96
14 47 1
14 48 94
14 49 42
14 50 19
14 52 26
14 53 57
14 54 62
14 55 78
14 56 74
14 57 87
14 58 83
14 59 34
14 60 62
14 61 88
14 62 2
14 63 34
14 64 36
14 65 89
14 66 95
14 67 34
14 68 10
14 69 10
14 70 68
14 71 71
14 72 67
14 73 6
14 74 99
14 75 78
14 76 88
14 77 4
14 78 59
14 79 63
14 80 55
14 81 11
14 82 12
14 83 67
14 84 80
14 85 47
14 86 89
14 87 36
14 88 73
14 89 55
14 90 65
14 91 59
14 92 72
14 93 51
14 94 27
14 95 85
14 96 2
14 97 37
14 98 86
14 99 74
15 0 80
15 1 69
15 2 61
15 3 2
15 4 49
15 5 20
15 6 69
15 7 38
15 8 81
15 9 26
15 10 18
15 11 51
15 12 17
15 13 8
15 14 46
15 16 84
15 17 76
15 18 38
15 19 99
15 20 34
15 21 93
15 22 87
15 23 63
15 24 83
15 25 80
15 26 23
15 27 34
15 28 44
15 30 78
15 31 25
15 32 65
15 33 48
15 34 66
15 35 51
15 36 30
15 37 24
15 38 27
15 39 96
15 41 96
15 42 57
15 43 12
15 44 49
15 45 42
15 46 51
15 47 14
15 48 51
15 49 6
15 50 5
15 51 23
15 52 6
15 53 51
15 54 63
15 55 14
15 56 93
15 57 37
15 58 24
15 59 84
15 60 49
15 62 45
15 63 38
15 64 54
15 65 96
15 66 89
15 67 77
15 68 80
15 69 17
15 70 83
15 71 58
15 72 76
15 73 60
15 74 36
15 75 16
15 76 46
15 77 39
15 78 6
15 79 18
15 80 75
15 81 62
15 82 19
15 83 66
15 84 17
15 85 72
15 86 27
15 87 99
15 88 25
15 89 53
15 90 68
15 91 83
15 92 92
15 93 42
15 94 80
15 95 96
15 96 60
15 97 47
15 98 43
15 99 22
16 0 51
16 1 29
16 2 72
16 3 68
16 4 59
16 5 25
16 6 20
16 7 31
16 8 34
16 9 98
16 10 65
16 11 74
16 12 5
16 13 63
16 14 83
16 15 44
16 17 30
16 18 28
16 19 98
16 20 38
16 21 96
16 22 78
16 24 35
16 25 84
16 26 86
16 27 85
16 28 39
16 29 57
16 30 9
16 31 17
16 32 86
16 33 22
16 34 100
16 35 59
16 36 1
16 37 100
16 38 96
16 39 56
16 40 99
16 41 36
16 43 80
16 44 3
16 45 42
16 46 38
16 47 28
16 48 7
16 49 75
16 50 62
16 52 28
16 53 79
16 54 66
16 55 52
16 56 13
16 57 1
16 58 70
16 59 83
16 60 48
16 61 3
16 62 90
16 63 51
16 64 20
16 65 39
16 66 68
16 67 20
16 68 87
16 69 40
16 70 25
16 71 7
16 72 61
16 73 10
16 74 51
16 75 62
16 76 77
16 77 81
16 78 20
16 79 48
16 80 66
16 81 89
16 82 37
16 83 89
16 84 77
16 85 88
16 86 10
16 87 29
16 88 26
16 89 8
16 90 9
16 91 20
16 92 65
16 93 80
16 94 74
16 95 60
16 96 41
16 97 84
16 98 56
16 99 16
17 0 2
17 1 37
17 2 8
17 3 98
17 4 25
17 5 97
17 6 61
17 7 20
17 8 97
17 9 37
17 10 75
17 11 38
17 12 90
17 13 2
17 14 8
17 15 48
17 16 53
17 18 90
17 19 70
17 20 39
17 21 8
17 22 91
17 23 95
17 24 26
17 25 21
17 26 51
17 27 84
17 28 42
17 29 93
17 30 38
17 31 96
17 32 72
17 33 95
17 34 28
17 35 62
17 36 65
17 37 70
17 38 10
17 39 85
17 40 20
17 41 76
17 42 72
17 43 93
17 44 24
17 45 14
17 46 17
17 47 50
17 48 58
17 49 55
17 51 15
17 52 86
17 53 4
17 54 31
17 55 20
17 56 39
17 57 65
17 58 5
17 59 94
17 60 85
17 61 68
17 62 59
17 63 7
17 64 20
17 65 73
17 66 56
17 67 48
17 68 17
17 69 49
17 70 82
17 71 72
17 72 68
17 73 15
17 74 90
17 75 39
17 76 56
17 77 74
17 78 76
17 79 77
17 80 10
17 81 41
17 82 56
17 83 82
17 84 17
17 85 70
17 86 10
17 87 89
17 88 30
17 89 94
17 90 97
17 91 76
17 92 30
17 93 51
17 94 7
17 95 67
17 96 95
17 97 86
17 98 41
17 99 73
18 0 4
18 1 80
18 2 60
18 3 45
18 4 45
18 6 24
18 7 22
18 8 38
18 9 64
18 10 86
18 11 37
18 12 79
18 13 23
18 14 94
18 15 25
18 16 9
18 17 7
18 19 60
18 20 6
18 21 55
18 22 26
18 23 44
18 24 84
18 25 90
18 26 30
18 27 11
18 28 83
18 29 96
18 30 49
18 31 48
18 32 53
18 33 75
18 34 7
18 35 86
18 36 8
18 37 72
18 38 6
18 39 21
18 40 97
18 41 54
18 42 15
18 43 67
18 44 21
18 45 19
18 46 56
18 47 21
18 48 96
18 49 55
18 50 81
18 51 70
18 52 4
18 53 52
18 54 49
18 55 14
18 56 78
18 57 72
18 58 94
18 59 18
18 60 49
18 61 72
18 62 28
18 63 81
18 64 32
18 65 74
18 66 35
18 67 56
18 68 95
18 69 85
18 70 7
18 71 53
18 72 71
18 73 50
18 74 76
18 75 51
18 76 3
18 77 100
18 78 16
18 79 84
18 80 46
18 81 57
18 82 24
18 83 70
18 84 34
18 85 81
18 86 12
18 87 20
18 88 88
18 89 59
18 90 63
18 91 44
18 92 72
18 93 16
18 94 46
18 95 43
18 96 44
18 97 26
18 98 83
18 99 79
19 0 44
19 1 78
19 2 14
19 3 1
19 4 87
19 5 14
19 6 48
19 7 71
19 8 42
19 9 43
19 10 73
19 11 72
19 12 36
19 13 58
19 14 90
19 15 3
19 16 23
19 17 9
19 18 65
19 20 84
19 21 13
19 22 55
19 23 21
19 24 23
19 25 49
19 26 15
19 27 19
19 28 7
19 29 83
19 30 9
19 31 87
19 32 52
19 33 98
19 34 60
19 35 64
19 36 43
19 37 51
19 38 78
19 39 80
19 40 86
19 41 66
19 42 18
19 43 85
19 44 8
19 45 77
19 46 38
19 47 55
19 48 9
19 49 43
19 50 27
19 51 14
19 52 99
19 53 16
19 54 66
19 55 39
19 57 23
19 58 2
19 59 67
19 60 33
19 61 66
19 62 66
19 63 99
19 64 42
19 65 12
19 66 23
19 67 4
19 68 50
19 69 62
19 70 19
19 71 70
19 72 14
19 73 68
19 74 83
19 75 95
19 76 56
19 77 100
19 78 45
19 79 5
19 80 58
19 81 52
19 82 96
19 83 92
19 84 88
19 85 8
19 86 24
19 87 83
19 88 73
19 89 5
19 90 9
19 91 76
19 92 14
19 93 87
19 94 47
19 95 42
19 96 8
19 97 3
19 98 25
19 99 70
20 0 36
20 1 21
20 2 60
20 3 78
20 4 62
20 5 24
20 6 93
20 7 10
20 8 19
20 9 44
20 10 21
20 11 83
20 12 66
20 13 71
20 14 46
20 15 10
20 16 33
20 17 55
20 18 19
20 19 63
20 22 63
20 23 62
20 24 2
20 25 34
20 26 23
20 27 49
20 28 48
20 29 65
20 30 37
20 31 73
20 32 14
20 33 31
20 34 71
20 35 72
20 36 21
20 37 35
20 38 22
20 39 8
20 40 52
20 41 98
20 42 4
20 43 32
20 44 39
20 45 44
20 46 36
20 47 22
20 48 8
20 49 82
20 50 98
20 51 6
20 52 65
20 53 3
20 54 56
20 55 3
20 56 41
20 57 69
20 58 74
20 59 30
20 60 1
20 61 46
20 62 87
20 63 52
20 64 30
20 65 18
20 66 13
20 67 10
20 68 53
20 69 30
20 70 1
20 71 19
20 72 75
20 73 49
20 74 27
20 75 56
20 76 96
20 77 86
20 78 36
20 79 12
20 80 42
20 82 30
20 83 71
20 84 23
20 85 14
20 86 53
20 87 30
20 88 29
20 89 48
20 90 54
20 91 63
20 92 65
20 93 92
20 94 81
20 95 90
20 96 59
20 97 40
20 98 91
20 99 69
21 0 66
21 1 42
21 2 57
21 3 32
21 4 96
21 5 19
21 6 10
21 7 3
21 8 39
21 9 32
21 10 68
21 11 74
21 12 94
21 13 59
21 14 70
21 15 65
21 16 15
21 17 80
21 18 79
21 19 87
21 20 71
21 22 15
21 23 69
21 24 89
21 25 44
21 26 75
21 27 22
21 28 8
21 29 34
21 30 9
21 31 55
21 32 89
21 33 93
21 34 72
21 35 33
21 36 28
21 37 22
21 38 94
21 39 49
21 40 23
21 41 85
21 42 74
21 43 50
21 44 100
21 45 65
21 46 78
21 47 7
21 48 18
21 49 36
21 50 79
21 51 61
21 52 94
21 53 72
21 54 98
21 55 93
21 56 23
21 57 15
21 58 5
21 59 37
21 60 36
21 61 8
21 62 71
21 63 41
21 64 97
21 65 16
21 66 83
21 67 15
21 68 11
21 69 76
21 70 2
21 71 81
21 72 10
21 73 76
21 74 51
21 75 27
21 76 93
21 77 42
21 78 79
21 79 62
21 80 77
21 81 27
21 82 76
21 83 89
21 84 8
21 85 37
21 86 16
21 87 30
21 88 44
21 89 51
21 90 70
21 91 81
21 92 52
21 93 59
21 94 34
21 95 52
21 96 68
21 97 36
21 98 26
21 99 10
22 0 92
22 1 44
22 2 49
22 3 42
22 4 94
22 5 11
22 6 85
22 8 13
22 9 92
22 10 65
22 11 6
22 12 12
22 13 75
22 14 37
22 15 87
22 16 35
22 17 63
22 18 90
22 19 93
22 20 6
22 21 92
22 23 50
22 24 58
22 25 34
22 26 72
22 27 36
22 28 31
22 29 55
22 30 4
22 31 47
22 32 9
22 33 99
22 34 19
22 35 50
22 36 99
22 37 71
22 38 76
22 39 27
22 40 39
22 41 4
22 42 45
22 43 34
22 44 11
22 45 77
22 46 49
22 47 21
22 48 3
22 49 88
22 50 46
22 51 82
22 52 60
22 53 71
22 54 91
22 55 68
22 56 41
22 57 49
22 58 99
22 59 60
22 60 50
22 61 44
22 62 74
22 63 65
22 64 60
22 65 51
22 66 39
22 67 1
22 68 52
22 69 4
22 70 99
22 71 18
22 72 31
22 73 38
22 74 88
22 75 45
22 76 22
22 77 4
22 78 16
22 79 16
22 80 98
22 81 61
22 82 46
22 83 80
22 84 99
22 85 8
22 86 38
22 87 15
22 88 82
22 89 77
22 90 46
22 91 99
22 92 25
22 93 77
22 94 60
22 96 86
22 97 58
22 98 12
22 99 55
23 0 84
23 1 61
23 2 30
23 3 79
23 4 44
23 5 69
23 6 74
23 7 91
23 8 46
23 9 70
23 10 96
23 11 81
23 12 75
23 13 10
23 14 88
23 15 36
23 16 14
23 17 41
23 18 49
23 19 19
23 20 19
23 21 66
23 22 88
23 24 36
23 25 29
23 26 91
23 27 84
23 28 93
23 29 98
23 30 8
23 31 61
23 32 71
23 33 41
23 34 15
23 35 63
23 36 83
23 37 65
23 38 5
23 39 16
23 40 44
23 41 64
23 42 67
23 43 92
23 44 9
23 45 27
23 46 78
23 47 83
23 48 74
23 49 89
23 50 98
23 51 43
23 52 65
23 53 69
23 54 23
23 55 72
23 56 93
23 57 77
23 58 11
23 59 55
23 60 27
23 62 90
23 63 58
23 64 5
23 65 44
23 66 17
23 67 73
23 68 37
23 69 94
23 70 71
23 71 73
23 72 49
23 73 73
23 74 84
23 75 48
23 76 49
23 77 88
23 78 21
23 79 27
23 80 10
23 81 86
23 82 27
23 83 83
23 84 50
23 85 70
23 86 26
23 87 71
23 88 46
23 89 38
23 90 78
23 91 6
23 92 46
23 93 90
23 94 71
23 95 45
23 96 15
23 98 10
23 99 56
24 0 79
24 1 78
24 2 11
24 3 55
24 4 46
24 5 40
24 6 35
24 7 29
24 9 85
24 10 37
24 11 60
24 12 61
24 13 94
24 14 79
24 15 85
24 16 54
24 17 61
24 18 90
24 19 43
24 20 80
24 21 27
24 22 69
24 23 24
24 26 88
24 27 42
24 28 3
24 29 47
24 30 39
24 31 30
24 32 76
24 33 30
24 34 7
24 35 15
24 36 73
24 37 53
24 38 94
24 39 96
24 40 12
24 41 10
24 42 47
24 43 16
24 44 79
24 45 44
24 46 19
24 47 69
24 48 88
24 49 6
24 50 67
24 51 30
24 52 35
24 53 59
24 54 87
24 55 13
24 56 93
24 57 52
24 58 63
24 59 20
24 60 32
24 61 15
24 62 66
24 63 35
24 64 26
24 65 58
24 66 45
24 67 94
24 68 50
24 69 70
24 70 26
24 71 19
24 72 53
24 73 46
24 74 73
24 75 44
24 76 19
24 77 29
24 78 84
24 79 29
24 80 47
24 81 75
24 82 52
24 83 2
24 84 61
24 85 72
24 86 73
24 87 26
24 88 56
24 89 84
24 90 15
24 91 48
24 92 25
24 93 58
24 94 81
24 95 47
24 96 80
24 97 99
24 98 87
24 99 15
25 0 11
25 1 4
25 2 52
25 3 2
25 4 63
25 5 20
25 6 66
25 7 12
25 8 55
25 9 27
25 10 83
25 11 14
25 12 11
25 13 3
25 14 85
25 15 74
25 16 90
25 17 45
25 18 62
25 19 3
25 20 89
25 21 61
25 22 38
25 23 33
25 24 88
25 26 26
25 27 25
25 28 20
25 29 18
25 30 23
25 31 52
25 32 51
25 33 53
25 34 68
25 35 85
25 36 4
25 37 79
25 38 61
25 39 4
25 40 35
25 41 11
25 42 38
25 43 93
25 44 96
25 45 91
25 47 47
25 48 39
25 49 27
25 50 89
25 51 26
25 52 65
25 53 5
25 54 30
25 55 31
25 56 98
25 57 60
25 58 66
25 59 56
25 60 89
25 61 10
25 62 92
25 63 6
25 64 89
25 65 37
25 66 27
25 67 16
25 68 22
25 69 98
25 70 21
25 71 44
25 72 45
25 73 90
25 74 91
25 75 12
25 76 77
25 77 41
25 78 16
25 79 2
25 80 51
25 81 78
25 82 32
25 83 51
25 84 100
25 85 59
25 86 92
25 87 55
25 88 84
25 89 33
25 90 53
25 91 98
25 92 79
25 93 37
25 94 59
25 95 32
25 96 20
25 97 42
25 98 10
25 99 6
26 1 98
26 2 22
26 3 87
26 4 70
26 5 50
26 6 94
26 7 61
26 8 38
26 9 54
26 10 7
26 11 81
26 12 52
26 13 78
26 14 59
26 15 88
26 16 43
26 17 7
26 18 84
26 19 76
26 20 10
26 21 66
26 22 22
26 23 17
26 24 18
26 25 24
26 27 61
26 28 76
26 29 74
26 30 46
26 31 2
26 32 74
26 33 72
26 34 7
26 35 85
26 36 69
26 37 83
26 38 33
26 39 69
26 40 80
26 41 35
26 42 41
26 43 53
26 44 35
26 45 86
26 46 75
26 47 17
26 48 50
26 49 57
26 50 33
26 51 36
26 52 47
26 53 100
26 54 97
26 55 26
26 56 65
26 57 54
26 58 31
26 59 91
26 60 85
26 61 38
26 62 79
26 63 21
26 64 84
26 65 69
26 66 89
26 67 15
26 68 38
26 69 87
26 70 60
26 71 89
26 72 61
26 73 34
26 74 83
26 75 64
26 76 75
26 77 78
26 78 29
26 79 27
26 80 5
26 81 45
26 82 45
26 83 86
26 84 84
26 85 53
26 86 31
26 87 4
26 88 46
26 89 54
26 90 45
26 91 81
26 92 93
26 93 8
26 94 14
26 95 88
26 96 22
26 97 64
26 98 82
26 99 41
27 0 56
27 1 66
27 3 71
27 4 82
27 5 66
27 6 73
27 7 96
27 8 68
27 9 99
27 10 34
27 11 94
27 12 63
27 13 68
27 14 70
27 15 62
27 16 98
27 17 92
27 18 65
27 19 92
27 20 51
27 21 38
27 22 99
27 23 25
27 24 12
27 25 13
27 26 34
27 28 43
27 29 77
27 30 62
27 31 85
27 32 86
27 33 44
27 34 37
27 35 47
27 36 33
27 37 14
27 38 66
27 39 41
27 40 40
27 41 52
27 42 2
27 43 38
27 44 77
27 45 5
27 46 89
27 47 89
27 48 63
27 49 27
27 50 32
27 52 64
27 53 100
27 54 35
27 55 30
27 56 92
27 57 44
27 58 9
27 59 77
27 60 89
27 61 84
27 62 44
27 63 11
27 64 30
27 65 90
27 66 85
27 67 3
27 68 85
27 69 15
27 70 22
27 71 79
27 72 27
27 73 34
27 74 17
27 75 37
27 76 90
27 77 46
27 78 38
27 79 34
27 80 20
27 81 17
27 82 76
27 83 45
27 84 52
27 85 5
27 86 30
27 87 61
27 88 74
27 89 81
27 90 34
27 91 68
27 92 98
27 93 74
27 94 25
27 95 43
27 96 57
27 97 47
27 98 89
27 99 79
28 0 34
28 1 44
28 2 54
28 3 57
28 4 45
28 5 28
28 6 53
28 7 45
28 8 21
28 9 5
28 10 34
28 11 47
28 12 54
28 13 92
28 14 88
28 15 67
28 16 69
28 17 85
28 18 60
28 19 80
28 20 83
28 21 92
28 22 84
28 23 64
28 24 30
28 25 57
28 26 98
28 27 93
28 29 66
28 30 76
28 31 24
28 32 30
28 33 9
28 34 33
28 35 87
28 36 63
28 37 68
28 38 67
28 39 87
28 40 88
28 41 29
28 42 39
28 43 71
28 44 51
28 45 60
28 46 48
28 47 19
28 48 22
28 49 24
28 50 77
28 51 3
28 52 71
28 53 66
28 54 79
28 55 63
28 56 93
28 57 32
28 58 86
28 59 8
28 60 47
28 61 12
28 62 31
28 63 68
28 64 86
28 65 13
28 66 84
28 67 93
28 68 46
28 69 14
28 70 25
28 71 36
28 72 49
28 73 44
28 74 6
28 75 22
28 76 85
28 77 35
28 78 43
28 79 45
28 80 39
28 81 80
28 82 13
28 83 40
28 84 26
28 85 96
28 86 13
28 87 64
28 88 60
28 89 24
28 90 48
28 91 70
28 92 76
28 93 28
28 94 72
28 95 59
28 96 78
28 97 18
28 98 14
28 99 79
29 0 76
29 1 69
29 2 24
29 4 54
29 5 98
29 6 43
29 7 34
29 8 82
29 9 35
29 10 86
29 11 46
29 12 61
29 13 46
29 14 69
29 15 3
29 16 37
29 17 75
29 18 95
29 19 7
29 20 50
29 21 58
29 22 31
29 23 2
29 24 13
29 25 48
29 26 11
29 27 96
29 28 80
29 30 7
29 31 75
29 32 94
29 33 28
29 34 69
29 35 58
29 36 66
29 37 4
29 38 87
29 39 27
29 40 59
29 41 84
29 42 61
29 43 79
29 44 48
29 45 36
29 46 43
29 47 73
29 48 98
29 49 83
29 50 34
29 51 40
29 52 90
29 53 36
29 54 22
29 55 13
29 56 12
29 57 72
29 58 78
29 59 40
29 60 85
29 61 76
29 62 4
29 63 88
29 64 3
29 65 31
29 66 51
29 67 45
29 68 72
29 69 99
29 70 18
29 71 30
29 72 13
29 73 47
29 74 8
29 75 10
29 76 7
29 77 19
29 78 27
29 79 20
29 80 49
29 81 63
29 82 72
29 83 76
29 84 32
29 85 61
29 86 51
29 87 99
29 88 99
29 89 40
29 90 44
29 91 28
29 92 45
29 93 81
29 94 24
29 95 75
29 96 29
29 97 23
29 98 18
29 99 26
30 0 89
30 1 81
30 2 87
30 3 34
30 4 59
30 5 23
30 6 97
30 7 32
30 8 81
30 9 26
30 10 67
30 11 93
30 12 11
30 13 85
30 14 43
30 15 39
30 16 28
30 17 32
30 18 32
30 19 77
30 20 36
30 21 49
30 22 26
30 23 87
30 24 92
30 25 92
30 26 63
30 27 9
30 28 83
30 29 53
30 31 58
30 32 30
30 33 56
30 34 43
30 35 81
30 36 31
30 37 10
30 38 99
30 39 12
30 40 60
30 41 88
30 42 25
30 43 49
30 44 62
30 45 88
30 46 81
30 47 24
30 48 38
30 49 54
30 50 36
30 51 87
30 52 66
30 53 81
30 54 84
30 55 21
30 56 37
30 57 23
30 58 62
30 59 58
30 60 24
30 61 83
30 62 85
30 63 13
30 64 68
30 65 99
30 66 57
30 67 52
30 68 12
30 69 23
30 70 3
30 71 89
30 72 26
30 73 20
30 74 88
30 75 82
30 76 20
30 77 100
30 78 19
30 79 22
30 80 58
30 81 8
30 82 66
30 83 58
30 84 83
30 85 94
30 86 60
30 87 75
30 88 41
30 89 89
30 90 32
30 91 87
30 92 83
30 93 50
30 94 90
30 95 30
30 96 53
30 97 39
30 98 17
30 99 35
31 0 70
31 1 74
31 2 46
31 3 11
31 4 49
31 5 54
31 6 28
31 7 41
31 8 63
31 9 98
31 10 33
31 11 51
31 12 76
31 13 28
31 14 16
31 15 75
31 16 38
31 17 2
31 18 18
31 19 11
31 20 69
31 21 34
31 22 25
31 23 90
31 24 80
31 25 55
31 26 16
31 27 99
31 28 76
31 29 66
31 30 80
31 32 98
31 33 52
31 34 24
31 35 19
31 36 55
31 37 16
31 38 35
31 39 81
31 40 72
31 41 48
31 42 8
31 43 43
31 44 33
31 45 90
31 46 11
31 47 2
31 48 76
31 49 28
31 50 19
31 51 21
31 52 35
31 53 14
31 54 57
31 55 56
31 56 3
31 57 60
31 58 70
31 59 89
31 60 43
31 61 55
31 62 91
31 63 12
31 64 89
31 65 64
31 66 93
31 67 5
31 68 88
31 69 84
31 70 46
31 71 82
31 72 34
31 73 37
31 74 65
31 75 80
31 76 37
31 77 47
31 78 45
31 79 48
31 80 61
31 81 2
31 82 98
31 83 24
31 84 19
31 85 54
31 86 2
31 87 43
31 88 3
31 89 67
31 90 19
31 91 42
31 92 42
31 94 65
31 95 84
31 96 16
31 97 27
31 98 51
31 99 40
32 0 26
32 1 87
32 2 81
32 3 95
32 4 72
32 5 3
32 6 71
32 7 12
32 9 97
32 10 9
32 11 26
32 12 23
32 13 86
32 14 32
32 15 6
32 16 35
32 17 81
32 18 70
32 19 39
32 20 36
32 21 51
32 22 71
32 23 83
32 24 85
32 25 49
32 26 6
32 27 69
32 28 53
32 29 100
32 30 71
32 31 49
32 33 85
32 34 87
32 35 69
32 36 36
32 37 69
32 38 37
32 39 66
32 40 46
32 41 100
32 42 1
32 43 84
32 44 72
32 45 48
32 46 56
32 47 44
32 48 49
32 49 57
32 50 2
32 51 31
32 52 90
32 53 57
32 54 99
32 55 2
32 56 3
32 57 9
32 58 72
32 59 16
32 60 34
32 61 98
32 62 39
32 63 71
32 64 73
32 65 82
32 66 80
32 67 14
32 68 75
32 69 66
32 70 69
32 71 86
32 72 27
32 73 14
32 74 85
32 75 46
32 76 82
32 77 9
32 78 52
32 79 22
32 80 12
32 81 94
32 82 39
32 83 73
32 84 93
32 85 60
32 86 1
32 87 39
32 88 38
32 89 60
32 90 77
32 91 90
32 92 98
32 93 85
32 94 40
32 95 53
32 96 81
32 97 20
32 98 62
32 99 30
33 0 49
33 1 18
33 2 19
33 3 18
33 4 52
33 6 70
33 7 26
33 8 27
33 9 4
33 10 54
33 11 93
33 12 5
33 13 65
33 14 76
33 15 77
33 16 13
33 17 95
33 18 48
33 19 13
33 20 98
33 21 63
33 22 48
33 23 62
33 24 77
33 25 95
33 26 68
33 27 56
33 28 67
33 29 80
33 30 79
33 31 95
33 32 5
33 34 39
33 35 18
33 36 31
33 37 72
33 38 44
33 39 50
33 40 72
33 41 69
33 42 50
33 43 88
33 44 13
33 45 63
33 46 99
33 47 9
33 48 97
33 49 6
33 50 73
33 51 27
33 52 60
33 53 90
33 54 19
33 55 10
33 56 32
33 57 16
33 58 4
33 59 15
33 60 31
33 61 49
33 62 64
33 63 14
33 64 90
33 65 81
33 66 30
33 67 99
33 68 14
33 69 90
33 70 62
33 71 34
33 72 13
33 73 23
33 74 32
33 75 75
33 76 52
33 77 42
33 78 3
33 79 29
33 80 60
33 81 59
33 82 44
33 83 51
33 84 43
33 85 3
33 86 43
33 87 33
33 88 37
33 89 63
33 90 88
33 91 29
33 92 59
33 93 5
33 94 64
33 95 51
33 96 43
33 97 2
33 98 99
33 99 59
34 0 77
34 1 52
34 2 81
34 3 84
34 4 53
34 5 97
34 6 94
34 7 36
34 8 77
34 9 18
34 10 83
34 11 20
34 12 79
34 13 38
34 14 29
34 15 77
34 16 91
34 17 28
34 18 97
34 19 80
34 20 27
34 21 61
34 22 77
34 23 90
34 24 54
34 25 43
34 26 42
34 27 96
34 28 3
34 29 47
34 30 59
34 31 1
34 32 20
34 33 21
34 35 38
34 36 22
34 37 72
34 38 8
34 39 42
34 40 97
34 41 47
34 42 82
34 43 91
34 44 4
34 45 85
34 46 36
34 47 76
34 48 29
34 49 31
34 50 38
34 51 33
34 52 29
34 53 53
34 54 84
34 55 88
34 56 85
34 57 58
34 58 7
34 59 12
34 60 74
34 61 16
34 62 68
34 63 51
34 64 13
34 65 60
34 66 41
34 67 23
34 68 68
34 69 42
34 70 91
34 71 44
34 72 20
34 73 1
34 74 98
34 75 87
34 76 15
34 77 85
34 78 96
34 79 94
34 80 47
34 81 50
34 82 71
34 83 54
34 84 67
34 85 62
34 86 77
34 87 74
34 88 41
34 89 69
34 90 98
34 91 46
34 92 89
34 93 57
34 94 73
34 95 35
34 96 21
34 97 4
34 98 68
34 99 97
35 0 80
35 1 66
35 2 98
35 3 71
35 4 90
35 5 38
35 6 2
35 7 22
35 8 31
35 9 61
35 10 36
35 11 59
35 12 56
35 13 73
35 14 37
35 15 37
35 16 52
35 17 71
35 18 76
35 19 4
35 20 72
35 21 70
35 22 84
35 23 68
35 24 6
35 25 27
35 26 90
35 27 17
35 28 39
35 29 67
35 30 80
35 31 49
35 32 27
35 33 35
35 34 73
35 36 69
35 37 21
35 38 100
35 39 93
35 40 32
35 41 18
35 42 43
35 43 86
35 44 68
35 45 87
35 46 94
35 47 52
35 48 62
35 49 39
35 50 36
35 51 23
35 52 60
35 53 69
35 54 65
35 55 23
35 56 78
35 57 40
35 58 69
35 59 7
35 60 40
35 61 76
35 62 64
35 63 4
35 64 64
35 65 54
35 66 84
35 67 25
35 68 28
35 69 63
35 70 76
35 71 25
35 72 58
35 73 86
35 74 66
35 75 11
35 76 39
35 77 81
35 78 32
35 79 59
35 80 56
35 81 60
35 82 48
35 83 18
35 84 68
35 85 79
35 86 47
35 87 75
35 88 88
35 89 17
35 90 9
35 91 45
35 92 44
35 93 88
35 94 49
35 95 89
35 96 100
35 97 40
35 98 13
35 99 23
36 0 2
36 1 9
36 2 16
36 3 38
36 4 63
36 5 25
36 6 80
36 7 73
36 8 73
36 9 83
36 10 46
36 11 4
36 12 29
36 13 58
36 14 61
36 15 95
36 16 49
36 17 60
36 18 17
36 19 25
36 20 92
36 21 74
36 22 5
36 23 73
36 24 11
36 25 6
36 26 85
36 27 77
36 28 30
36 29 19
36 30 29
36 31 34
36 32 42
36 33 94
36 34 40
36 35 34
36 37 96
36 38 22
36 39 66
36 40 60
36 41 23
36 42 9
36 43 34
36 44 32
36 45 87
36 46 95
36 47 91
36 48 46
36 49 90
36 50 39
36 51 39
36 52 41
36 53 27
36 54 36
36 55 61
36 56 79
36 57 45
36 58 33
36 59 60
36 60 74
36 61 22
36 62 90
36 63 15
36 64 63
36 65 66
36 66 18
36 67 51
36 68 74
36 69 31
36 70 10
36 71 32
36 72 24
36 73 26
36 74 10
36 75 36
36 76 45
36 77 44
36 78 78
36 79 15
36 80 8
36 81 96
36 82 13
36 83 42
36 84 5
36 85 52
36 86 38
36 87 96
36 88 25
36 89 19
36 90 73
36 91 14
36 92 89
36 93 55
36 94 26
36 95 29
36 96 99
36 97 51
36 98 29
36 99 69
37 0 9
37 1 76
37 2 89
37 3 87
37 4 18
37 5 10
37 6 61
37 7 80
37 8 85
37 9 49
37 10 68
37 11 94
37 12 69
37 13 49
37 14 82
37 15 87
37 16 20
37 17 61
37 18 47
37 20 99
37 21 75
37 22 65
37 23 81
37 24 57
37 25 26
37 26 47
37 27 99
37 28 6
37 29 45
37 30 27
37 31 49
37 32 54
37 33 38
37 34 98
37 35 51
37 36 22
37 38 14
37 39 12
37 40 97
37 42 48
37 43 6
37 44 49
37 45 5
37 46 76
37 47 4
37 48 14
37 49 17
37 50 93
37 51 20
37 52 46
37 53 3
37 54 76
37 55 36
37 56 72
37 57 43
37 58 82
37 59 97
37 60 90
37 61 11
37 62 49
37 63 7
37 64 58
37 65 46
37 66 1
37 67 67
37 68 59
37 69 27
37 70 66
37 71 33
37 72 57
37 73 15
37 74 78
37 75 100
37 76 44
37 77 21
37 78 3
37 79 55
37 80 1
37 81 62
37 82 56
37 83 77
37 84 21
37 85 55
37 86 17
37 87 80
37 88 14
37 89 16
37 90 92
37 91 93
37 92 18
37 93 23
37 94 30
37 95 59
37 96 58
37 97 98
37 98 21
37 99 95
38 0 52
38 1 54
38 2 37
38 3 31
38 4 52
38 5 36
38 6 81
38 7 50
38 8 42
38 9 34
38 10 74
38 11 63
38 12 3
38 13 43
38 14 74
38 15 25
38 16 99
38 17 44
38 18 43
38 19 73
38 20 53
38 21 21
38 22 68
38 23 78
38 24 58
38 25 28
38 26 45
38 27 12
38 28 63
38 29 88
38 30 54
38 31 73
38 32 55
38 33 36
38 34 31
38 35 61
38 36 45
38 37 48
38 39 8
38 40 62
38 41 16
38 42 48
38 43 38
38 44 48
38 45 1
38 46 22
38 47 2
38 48 100
38 49 44
38 50 84
38 51 14
38 52 74
38 53 51
38 54 55
38 55 41
38 56 52
38 57 71
38 58 70
38 59 92
38 60 54
38 61 11
38 62 13
38 63 99
38 64 15
38 65 16
38 66 100
38 67 2
38 68 4
38 69 17
38 70 35
38 71 16
38 72 79
38 73 70
38 74 76
38 75 63
38 76 19
38 77 73
38 78 50
38 79 3
38 80 63
38 81 3
38 82 52
38 83 21
38 84 48
38 85 45
38 86 68
38 87 31
38 88 92
38 89 82
38 90 29
38 91 23
38 92 56
38 93 45
38 94 73
38 95 75
38 96 60
38 97 5
38 98 42
38 99 95
39 0 22
39 1 7
39 2 88
39 3 67
39 4 55
39 5 5
39 6 38
39 7 76
39 8 72
39 9 65
39 10 69
39 11 86
39 12 48
39 13 63
39 14 36
39 15 2
39 16 14
39 17 53
39 18 39
39 19 21
39 20 66
39 21 9
39 22 2
39 23 24
39 24 63
39 25 42
39 26 76
39 27 61
39 28 28
39 29 72
39 30 27
39 31 63
39 32 31
39 33 73
39 34 66
39 35 1
39 36 53
39 37 75
39 38 63
39 40 23
39 41 62
39 42 7
39 43 67
39 44 44
39 45 29
39 46 59
39 47 39
39 48 65
39 49 58
39 50 77
39 51 55
39 52 86
39 53 89
39 54 38
39 55 54
39 56 62
39 57 77
39 58 55
39 59 19
39 60 30
39 62 1
39 63 98
39 64 24
39 65 71
39 66 18
39 67 88
39 68 99
39 69 62
39 70 25
39 71 16
39 72 48
39 73 63
39 74 52
39 75 57
39 76 16
39 77 2
39 78 92
39 79 14
39 80 40
39 81 3
39 82 67
39 83 33
39 84 44
39 85 61
39 86 39
39 88 12
39 89 16
39 90 74
39 91 6
39 92 63
39 93 35
39 94 82
39 95 41
39 96 13
39 97 87
39 98 30
39 99 30
40 0 88
40 1 39
40 2 70
40 3 36
40 4 25
40 5 97
40 6 19
40 7 37
40 8 28
40 9 31
40 10 10
40 11 89
40 12 34
40 13 73
40 14 49
40 15 62
40 16 59
40 17 45
40 18 83
40 19 33
40 20 42
40 21 17
40 22 71
40 23 54
40 24 20
40 25 52
40 26 67
40 27 72
40 28 68
40 29 97
40 30 72
40 31 49
40 32 3
40 33 1
40 34 93
40 35 15
40 36 11
40 37 9
40 38 65
40 39 74
40 41 45
40 42 48
40 43 99
40 44 59
40 45 62
40 46 48
40 47 83
40 48 82
40 49 5
40 50 45
40 51 11
40 52 57
40 53 20
40 54 11
40 55 74
40 56 92
40 57 22
40 58 36
40 59 39
40 60 90
40 61 27
40 62 89
40 63 96
40 64 72
40 65 33
40 66 92
40 67 2
40 68 3
40 69 44
40 70 15
40 71 33
40 72 4
40 73 9
40 74 55
40 75 26
40 76 89
40 77 40
40 78 55
40 79 57
40 80 35
40 81 37
40 82 41
40 83 22
40 84 26
40 85 77
40 86 23
40 87 44
40 88 74
40 89 72
40 90 11
40 91 72
40 92 74
40 93 63
40 94 70
40 95 36
40 96 72
40 97 29
40 98 89
40 99 87
41 0 45
41 1 99
41 2 72
41 3 74
41 4 35
41 5 12
41 6 49
41 7 90
41 8 6
41 9 44
41 10 96
41 11 53
41 12 53
41 13 16
41 14 93
41 15 100
41 16 60
41 17 72
41 18 96
41 19 40
41 20 24
41 21 76
41 22 90
41 23 87
41 24 76
41 25 12
41 26 81
41 27 49
41 28 11
41 29 5
41 30 83
41 31 41
41 32 83
41 33 11
41 34 44
41 35 49
41 36 100
41 37 36
41 38 6
41 39 51
41 40 39
41 42 24
41 43 54
41 44 55
41 45 74
41 46 63
41 47 100
41 48 15
41 49 98
41 50 18
41 51 52
41 52 62
41 53 29
41 54 78
41 55 98
41 56 65
41 57 69
41 58 39
41 59 90
41 60 69
41 61 16
41 62 28
41 63 11
41 64 17
41 65 69
41 66 3
41 67 82
41 68 48
41 69 100
41 70 28
41 71 62
41 72 20
41 73 91
41 74 56
41 75 32
41 76 90
41 77 21
41 78 36
41 79 82
41 80 64
41 81 30
41 82 75
41 83 45
41 84 89
41 85 3
41 86 95
41 87 18
41 88 85
41 89 15
41 90 97
41 91 52
41 92 25
41 93 91
41 94 17
41 95 80
41 96 67
41 97 71
41 98 75
41 99 11
42 0 9
42 1 86
42 2 25
42 3 97
42 4 90
42 5 64
42 6 46
42 7 4
42 8 55
42 9 36
42 10 26
42 11 40
42 12 58
42 14 3
42 15 41
42 16 41
42 17 18
42 18 35
42 19 90
42 20 32
42 21 49
42 22 23
42 23 84
42 24 64
42 25 84
42 26 51
42 27 53
42 28 29
42 29 29
42 30 38
42 31 97
42 32 82
42 33 84
42 34 6
42 35 8
42 36 20
42 37 32
42 38 66
42 39 76
42 40 3
42 41 13
42 43 94
42 44 9
42 45 20
42 46 12
42 47 36
42 48 62
42 49 12
42 50 22
42 51 62
42 52 80
42 53 19
42 54 85
42 55 42
42 56 56
42 57 18
42 58 66
42 59 10
42 60 86
42 61 81
42 62 11
42 63 67
42 64 34
42 65 76
42 66 44
42 67 54
42 68 83
42 69 79
42 70 40
42 71 79
42 72 98
42 73 90
42 74 7
42 75 34
42 76 67
42 77 42
42 78 38
42 79 96
42 80 14
42 81 13
42 82 81
42 83 100
42 84 3
42 85 24
42 86 100
42 87 55
42 88 41
42 89 79
42 90 10
42 91 80
42 92 96
42 93 9
42 94 56
42 95 82
42 96 7
42 97 79
42 98 70
42 99 98
43 0 100
43 1 95
43 2 14
43 3 27
43 4 56
43 6 23
43 7 98
43 8 61
43 9 12
43 10 4
43 11 74
43 12 58
43 13 38
43 14 95
43 15 8
43 16 43
43 17 74
43 18 12
43 19 14
43 20 67
43 21 30
43 22 13
43 23 61
43 24 35
43 25 51
43 26 81
43 27 40
43 28 28
43 29 96
43 30 76
43 31 19
43 32 71
43 33 4
43 34 83
43 35 37
43 36 19
43 37 2
43 38 52
43 39 28
43 40 58
43 41 76
43 42 59
43 44 38
43 45 57
43 46 79
43 47 5
43 48 17
43 49 10
43 50 34
43 51 32
43 52 79
43 53 26
43 54 13
43 55 17
43 56 97
43 57 92
43 58 73
43 59 83
43 60 41
43 61 67
43 62 96
43 63 57
43 64 59
43 65 55
43 66 87
43 67 64
43 68 79
43 69 17
43 70 92
43 71 89
43 72 27
43 73 64
43 74 81
43 75 75
43 76 75
43 77 84
43 78 22
43 79 100
43 80 27
43 81 27
43 82 35
43 83 100
43 84 17
43 85 3
43 86 22
43 87 21
43 88 46
43 89 1
43 90 58
43 91 78
43 92 31
43 93 69
43 94 53
43 95 100
43 96 5
43 97 50
43 98 38
43 99 11
44 0 27
44 1 58
44 2 9
44 3 96
44 4 42
44 5 64
44 7 60
44 8 81
44 9 75
44 10 66
44 11 40
44 12 55
44 13 92
44 14 65
44 15 89
44 16 59
44 17 76
44 18 25
44 19 36
44 20 51
44 21 10
44 22 46
44 23 82
44 24 83
44 25 56
44 26 25
44 27 55
44 28 29
44 29 85
44 30 90
44 31 95
44 32 24
44 33 85
44 34 3
44 35 54
44 36 19
44 38 55
44 39 77
44 40 9
44 41 74
44 42 7
44 43 62
44 45 73
44 46 95
44 47 10
44 48 22
44 49 73
44 50 26
44 51 71
44 52 22
44 53 39
44 54 97
44 55 20
44 56 44
44 57 52
44 58 43
44 59 40
44 60 47
44 61 76
44 62 50
44 63 98
44 64 9
44 65 19
44 66 45
44 67 54
44 68 10
44 69 41
44 70 51
44 71 57
44 72 11
44 73 50
44 74 23
44 75 84
44 76 80
44 77 64
44 78 42
44 79 22
44 80 35
44 81 56
44 82 31
44 83 98
44 84 41
44 85 88
44 86 50
44 87 38
44 88 94
44 89 18
44 90 26
44 91 8
44 92 5
44 93 48
44 94 21
44 95 48
44 96 2
44 97 95
44 98 40
44 99 26
45 0 67
45 1 92
45 2 83
45 3 76
45 4 25
45 5 43
45 6 1
45 7 39
45 8 7
45 9 74
45 10 28
45 11 32
45 12 27
45 13 26
45 14 5
45 15 51
45 16 30
45 17 30
45 18 15
45 19 9
45 20 15
45 21 73
45 22 39
45 23 15
45 24 97
45 25 64
45 26 18
45 27 71
45 28 47
45 29 43
45 30 63
45 31 56
45 32 30
45 33 85
45 34 82
45 35 61
45 36 86
45 37 68
45 38 49
45 39 69
45 40 21
45 41 45
45 42 81
45 43 80
45 44 61
45 46 84
45 47 78
45 48 47
45 49 66
45 50 86
45 51 47
45 52 20
45 53 23
45 54 35
45 55 44
45 56 22
45 57 13
45 58 4
45 59 57
45 60 74
45 61 88
45 62 73
45 63 24
45 64 60
45 65 56
45 66 91
45 67 45
45 68 81
45 69 86
45 70 82
45 71 41
45 72 60
45 73 16
45 74 96
45 75 16
45 76 31
45 77 51
45 78 100
45 79 29
45 80 90
45 81 73
45 82 66
45 83 53
45 84 67
45 85 3
45 86 79
45 87 73
45 88 88
45 89 85
45 90 17
45 91 77
45 92 25
45 93 67
45 94 59
45 95 4
45 96 36
45 97 55
45 98 74
45 99 7
46 0 79
46 1 28
46 2 62
46 3 96
46 4 24
46 5 81
46 6 41
46 7 72
46 8 71
46 9 76
46 10 95
46 11 70
46 12 13
46 13 67
46 14 13
46 15 48
46 16 5
46 17 13
46 18 40
46 19 82
46 20 24
46 21 83
46 22 21
46 23 91
46 24 47
46 25 20
46 26 60
46 27 13
46 28 33
46 29 82
46 30 81
46 31 89
46 32 10
46 33 31
46 34 75
46 35 35
46 36 4
46 37 38
46 38 31
46 39 23
46 40 27
46 41 45
46 42 40
46 43 32
46 44 69
46 45 32
46 47 49
46 48 6
46 49 49
46 50 54
46 51 94
46 52 88
46 54 16
46 55 53
46 56 75
46 57 90
46 58 31
46 59 9
46 60 51
46 61 10
46 62 40
46 63 8
46 64 2
46 65 25
46 66 15
46 67 47
46 68 55
46 69 18
46 70 29
46 71 56
46 72 66
46 73 83
46 74 98
46 75 20
46 76 89
46 77 29
46 78 16
46 79 77
46 80 30
46 81 45
46 82 53
46 83 30
46 84 64
46 85 64
46 86 79
46 87 35
46 88 30
46 89 17
46 90 36
46 91 41
46 92 30
46 93 29
46 94 63
46 95 77
46 96 48
46 97 36
46 98 4
46 99 100
47 0 35
47 1 76
47 2 70
47 3 26
47 5 17
47 6 29
47 7 79
47 8 28
47 9 76
47 10 47
47 11 26
47 12 23
47 13 5
47 14 39
47 15 28
47 16 39
47 17 64
47 18 31
47 19 81
47 20 46
47 21 41
47 22 92
47 23 12
47 24 10
47 25 2
47 26 16
47 27 57
47 28 32
47 29 79
47 30 20
47 31 39
47 32 48
47 33 100
47 34 84
47 35 45
47 36 13
47 37 71
47 38 13
47 39 45
47 40 90
47 41 42
47 42 74
47 43 25
47 44 66
47 45 90
47 46 36
47 48 3
47 49 45
47 50 40
47 51 37
47 52 82
47 53 99
47 54 46
47 55 53
47 56 33
47 57 77
47 58 31
47 59 30
47 60 7
47 61 92
47 62 5
47 63 70
47 64 45
47 65 3
47 66 17
47 67 7
47 68 31
47 69 7
47 70 21
47 71 81
47 72 89
47 73 31
47 74 90
47 75 52
47 76 89
47 77 44
47 78 16
47 79 27
47 80 100
47 81 73
47 82 41
47 83 61
47 84 26
47 85 90
47 86 49
47 87 94
47 88 63
47 89 48
47 90 5
47 91 84
47 92 17
47 93 57
47 94 20
47 95 35
47 96 74
47 97 49
47 98 66
47 99 71
48 0 96
48 1 29
48 2 97
48 3 12
48 4 83
48 5 35
48 6 14
48 7 10
48 8 36
48 9 2
48 10 58
48 11 33
48 12 10
48 13 33
48 14 37
48 15 15
48 16 39
48 17 24
48 18 20
48 19 28
48 20 30
48 21 12
48 22 15
48 23 60
48 24 11
48 25 95
48 26 53
48 27 59
48 28 67
48 29 68
48 30 15
48 31 100
48 32 7
48 33 11
48 34 94
48 35 59
48 36 43
48 37 30
48 38 12
48 39 96
48 40 51
48 41 67
48 42 14
48 43 49
48 44 18
48 45 46
48 46 49
48 47 91
48 49 9
48 50 44
48 51 73
48 52 61
48 53 55
48 54 42
48 55 32
48 56 2
48 57 100
48 58 91
48 59 39
48 60 18
48 61 69
48 62 6
48 63 82
48 64 6
48 65 38
48 66 52
48 67 7
48 68 76
48 69 7
48 70 62
48 71 74
48 72 48
48 73 34
48 74 10
48 75 26
48 76 69
48 77 33
48 78 88
48 79 35
48 80 1
48 81 36
48 82 58
48 83 57
48 84 60
48 85 40
48 86 33
48 87 93
48 89 13
48 90 51
48 91 87
48 92 81
48 93 44
48 94 67
48 95 13
48 96 22
48 97 65
48 98 54
48 99 79
49 0 8
49 1 73
49 2 78
49 3 10
49 4 18
49 5 1
49 6 46
49 7 20
49 8 95
49 9 17
49 10 95
49 11 80
49 12 22
49 13 68
49 14 70
49 15 29
49 16 1
49 17 42
49 18 75
49 19 51
49 20 11
49 21 77
49 22 8
49 23 85
49 24 31
49 25 95
49 26 34
49 27 22
49 28 42
49 29 100
49 30 69
49 31 10
49 32 18
49 33 48
49 34 43
49 35 56
49 36 43
49 37 49
49 38 44
49 39 34
49 40 19
49 41 5
49 42 28
49 43 87
49 44 84
49 45 75
49 46 70
49 47 20
49 48 40
49 50 8
49 51 73
49 52 26
49 53 41
49 54 33
49 55 23
49 56 23
49 57 21
49 58 19
49 59 75
49 60 70
49 61 88
49 62 63
49 63 2
49 64 47
49 65 46
49 66 66
49 67 7
49 68 24
49 69 47
49 70 2
49 71 74
49 72 83
49 73 97
49 75 55
49 76 84
49 77 29
49 78 22
49 79 96
49 80 24
49 81 22
49 82 78
49 83 87
49 84 56
49 85 44
49 86 98
49 87 25
49 88 29
49 89 11
49 90 43
49 91 73
49 92 77
49 93 3
49 94 100
49 95 78
49 96 10
49 97 78
49 98 32
49 99 9
50 0 57
50 1 69
50 2 82
50 3 96
50 4 29
50 5 67
50 6 80
50 7 11
50 8 38
50 9 66
50 10 21
50 11 100
50 12 19
50 13 93
50 14 57
50 15 33
50 16 36
50 17 97
50 18 18
50 19 8
50 20 46
50 21 16
50 22 39
50 23 55
50 24 25
50 25 22
50 26 62
50 27 27
50 28 82
50 29 9
50 30 66
50 31 21
50 32 91
50 33 29
50 34 33
50 35 44
50 36 95
50 37 97
50 38 90
50 39 93
50 40 22
50 41 33
50 42 46
50 43 20
50 44 27
50 45 63
50 46 18
50 47 48
50 48 25
50 49 3
50 51 23
50 52 3
50 53 40
50 54 60
50 56 80
50 57 47
50 58 27
50 59 64
50 60 42
50 61 75
50 62 5
50 63 68
50 64 96
50 65 47
50 66 32
50 67 41
50 68 92
50 69 46
50 70 7
50 71 79
50 72 67
50 73 90
50 74 12
50 75 14
50 76 5
50 77 84
50 78 51
50 79 41
50 80 81
50 81 70
50 82 82
50 83 51
50 84 57
50 85 91
50 86 5
50 88 7
50 89 37
50 90 95
50 91 36
50 92 76
50 93 26
50 94 31
50 95 96
50 96 71
50 97 73
50 98 11
50 99 50
51 0 45
51 1 57
51 2 90
51 3 95
51 4 67
51 5 29
51 6 99
51 7 85
51 8 28
51 9 41
51 10 28
51 11 98
51 12 11
51 13 70
51 14 91
51 15 46
51 16 29
51 17 8
51 18 46
51 19 95
51 20 24
51 21 77
51 22 54
51 23 3
51 24 20
51 25 58
51 26 59
51 27 63
51 28 13
51 29 48
51 30 81
51 31 75
51 32 48
51 33 10
51 34 93
51 35 73
51 36 64
51 37 44
51 38 93
51 39 97
51 40 64
51 41 31
51 42 100
51 43 99
51 44 81
51 45 65
51 46 1
51 47 83
51 48 95
51 49 20
51 50 57
51 52 62
51 53 19
51 54 75
51 55 38
51 56 2
51 57 96
51 58 79
51 59 100
51 60 9
51 61 72
51 62 94
51 63 96
51 64 17
51 65 47
51 66 86
51 67 53
51 68 72
51 69 84
51 70 38
51 71 75
51 72 47
51 73 12
51 74 46
51 75 42
51 76 88
51 77 64
51 78 45
51 79 27
51 80 92
51 81 63
51 82 39
51 83 76
51 84 35
51 85 19
51 86 46
51 87 67
51 88 77
51 89 3
51 90 56
51 91 56
51 92 83
51 93 46
51 94 51
51 95 20
51 96 70
51 97 54
51 98 97
51 99 45
52 0 94
52 1 57
52 2 73
52 3 33
52 4 93
52 5 84
52 6 49
52 7 82
52 8 4
52 9 11
52 10 52
52 11 94
52 12 46
52 13 75
52 14 61
52 15 71
52 16 26
52 17 59
52 18 22
52 19 20
52 20 35
52 21 32
52 22 70
52 23 41
52 24 92
52 25 64
52 26 7
52 27 23
52 28 68
52 29 41
52 30 19
52 31 49
52 32 99
52 33 94
52 34 48
52 35 75
52 36 67
52 37 24
52 38 73
52 39 43
52 40 74
52 41 86
52 42 28
52 43 76
52 44 6
52 45 16
52 46 66
52 47 66
52 48 90
52 49 94
52 50 74
52 51 29
52 53 35
52 54 58
52 55 72
52 56 84
52 57 43
52 58 83
52 59 28
52 60 60
52 61 57
52 62 38
52 63 75
52 64 34
52 65 77
52 66 31
52 67 76
52 68 26
52 69 72
52 70 78
52 71 68
52 72 57
52 73 6
52 74 57
52 75 89
52 76 35
52 77 68
52 78 61
52 79 21
52 80 82
52 81 42
52 82 39
52 83 12
52 84 69
52 85 63
52 86 40
52 87 24
52 88 16
52 89 49
52 90 68
52 91 88
52 92 81
52 93 51
52 94 84
52 95 21
52 96 52
52 97 74
52 98 27
52 99 12
53 0 89
53 1 32
53 2 43
53 3 40
53 4 67
53 5 25
53 6 9
53 7 14
53 9 12
53 10 48
53 11 39
53 12 67
53 13 20
53 14 93
53 15 19
53 16 48
53 17 14
53 18 3
53 19 61
53 20 48
53 21 14
53 22 100
53 23 98
53 24 24
53 25 76
53 26 81
53 27 83
53 28 96
53 29 60
53 30 95
53 31 11
53 32 77
53 33 15
53 34 45
53 35 81
53 36 98
53 37 93
53 38 68
53 39 64
53 40 4
53 41 94
53 42 75
53 43 23
53 44 49
53 45 38
53 46 12
53 47 69
53 48 45
53 49 92
53 50 16
53 51 37
53 52 92
53 54 63
53 55 24
53 56 29
53 57 43
53 58 6
53 59 72
53 60 99
53 61 98
53 62 84
53 63 8
53 64 72
53 65 19
53 66 86
53 67 89
53 68 96
53 69 76
53 70 6
53 71 87
53 72 78
53 73 79
53 74 59
53 75 80
53 76 10
53 77 48
53 78 84
53 79 99
53 81 37
53 82 98
53 83 10
53 84 3
53 85 83
53 86 30
53 87 1
53 88 43
53 89 92
53 90 18
53 91 70
53 92 75
53 93 14
53 94 24
53 95 68
53 96 21
53 97 86
53 98 3
53 99 34
54 0 39
54 1 76
54 2 17
54 3 90
54 4 51
54 5 96
54 6 68
54 7 60
54 8 64
54 9 53
54 10 34
54 11 24
54 12 93
54 13 48
54 14 39
54 15 84
54 16 100
54 17 26
54 18 53
54 19 40
54 20 72
54 21 47
54 22 56
54 23 46
54 24 69
54 25 86
54 27 42
54 29 44
54 30 14
54 31 46
54 32 54
54 33 55
54 34 36
54 35 75
54 36 79
54 37 26
54 38 13
54 39 63
54 40 24
54 41 52
54 42 6
54 43 52
54 44 29
54 45 29
54 46 48
54 47 24
54 48 67
54 49 49
54 50 96
54 51 7
54 52 53
54 53 39
54 55 44
54 56 99
54 57 6
54 58 81
54 59 98
54 60 83
54 61 45
54 62 78
54 63 13
54 64 77
54 65 60
54 66 50
54 67 92
54 68 27
54 69 3
54 70 85
54 71 49
54 72 31
54 73 11
54 74 91
54 75 44
54 76 45
54 77 81
54 78 15
54 79 45
54 80 55
54 81 40
54 82 45
54 83 42
54 84 27
54 85 68
54 86 57
54 87 16
54 88 25
54 89 23
54 90 6
54 91 39
54 92 9
54 93 6
54 94 16
54 95 60
54 96 19
54 97 49
54 98 37
54 99 6
55 0 81
55 1 42
55 2 1
55 3 92
55 4 43
55 5 64
55 6 24
55 7 73
55 8 55
55 9 74
55 10 99
55 11 67
55 12 16
55 13 63
55 14 85
55 15 53
55 16 87
55 17 17
55 18 96
55 19 46
55 20 86
55 21 60
55 22 83
55 23 39
55 24 43
55 25 29
55 26 93
55 27 67
55 28 6
55 29 68
55 30 94
55 31 15
55 32 98
55 33 39
55 34 73
55 35 60
55 36 73
55 37 15
55 38 79
55 39 75
55 40 92
55 41 87
55 42 57
55 43 12
55 44 3
55 45 22
55 46 45
55 47 59
55 48 80
55 49 41
55 50 100
55 51 1
55 52 88
55 53 47
55 54 79
55 56 26
55 57 33
55 58 13
55 59 69
55 60 78
55 61 21
55 62 63
55 63 2
55 64 27
55 65 91
55 66 51
55 67 17
55 68 1
55 69 92
55 70 49
55 71 95
55 72 17
55 73 12
55 74 1
55 75 1
55 76 53
55 77 6
55 78 12
55 79 26
55 80 73
55 81 32
55 82 85
55 83 91
55 84 98
55 85 17
55 86 19
55 87 53
55 88 19
55 89 26
55 90 13
55 91 33
55 92 86
55 93 96
55 94 68
55 95 2
55 96 85
55 97 81
55 98 66
55 99 48
56 0 90
56 1 35
56 2 47
56 3 99
56 4 9
56 5 36
56 6 20
56 7 2
56 8 79
56 9 2
56 10 40
56 11 79
56 12 34
56 13 3
56 14 86
56 15 44
56 16 62
56 17 61
56 18 17
56 19 27
56 20 50
56 21 70
56 22 73
56 23 2
56 24 65
56 25 79
56 26 28
56 27 46
56 28 89
56 29 16
56 30 21
56 31 1
56 32 97
56 33 57
56 34 74
56 35 13
56 36 26
56 37 41
56 38 38
56 39 50
56 40 67
56 41 91
56 42 9
56 43 61
56 44 77
56 45 94
56 46 35
56 47 11
56 48 48
56 49 81
56 50 57
56 51 86
56 52 10
56 53 40
56 54 19
56 55 65
56 57 88
56 58 31
56 59 55
56 60 40
56 61 43
56 62 19
56 64 56
56 65 11
56 66 73
56 67 49
56 68 84
56 69 54
56 70 66
56 71 93
56 72 38
56 73 59
56 74 46
56 75 60
56 76 7
56 77 3
56 78 50
56 79 30
56 80 23
56 81 10
56 82 31
56 83 50
56 84 19
56 85 72
56 86 30
56 87 43
56 88 73
56 89 74
56 90 89
56 91 20
56 92 11
56 93 70
56 94 30
56 95 24
56 96 36
56 97 63
56 98 2
56 99 37
57 0 37
57 1 73
57 2 21
57 3 28
57 4 62
57 5 69
57 6 22
57 7 68
57 8 34
57 9 59
57 10 64
57 11 9
57 12 63
57 13 70
57 14 10
57 15 82
57 16 17
57 17 48
57 18 49
57 19 71
57 20 85
57 21 52
57 22 69
57 23 85
57 24 61
57 25 32
57 26 75
57 27 59
57 28 43
57 29 90
57 30 94
57 31 65
57 32 73
57 33 71
57 34 4
57 35 40
57 36 92
57 37 91
57 38 90
57 39 65
57 40 7
57 41 45
57 42 5
57 43 62
57 44 50
57 45 83
57 46 32
57 47 40
57 48 58
57 49 63
57 50 39
57 51 100
57 52 86
57 53 88
57 54 7
57 55 67
57 56 88
57 58 48
57 59 51
57 60 72
57 61 63
57 62 16
57 63 35
57 64 40
57 65 19
57 66 54
57 67 42
57 68 81
57 69 91
57 71 66
57 72 82
57 73 65
57 74 50
57 75 19
57 76 23
57 77 83
57 78 60
57 80 69
57 81 85
57 82 1
57 83 23
57 84 63
57 85 1
57 86 27
57 87 84
57 88 52
57 89 28
57 90 2
57 91 65
57 92 76
57 93 22
57 94 90
57 95 42
57 96 53
57 97 28
57 98 62
57 99 6
58 0 19
58 1 40
58 2 27
58 3 81
58 4 59
58 5 18
58 6 7
58 7 15
58 8 38
58 9 10
58 10 13
58 11 62
58 12 73
58 13 20
58 14 40
58 15 10
58 16 93
58 17 69
58 18 38
58 19 5
58 20 96
58 21 96
58 22 90
58 23 42
58 25 34
58 26 61
58 28 91
58 29 81
58 30 84
58 31 88
58 32 1
58 33 25
58 34 78
58 35 75
58 36 15
58 37 95
58 38 11
58 39 73
58 40 53
58 41 4
58 42 97
58 43 2
58 44 52
58 45 11
58 46 78
58 47 87
58 48 47
58 49 93
58 50 63
58 51 21
58 52 41
58 53 1
58 54 87
58 55 52
58 56 48
58 57 90
58 59 25
58 60 21
58 61 35
58 62 64
58 63 12
58 64 23
58 65 69
58 66 7
58 67 3
58 68 38
58 69 12
58 70 69
58 71 21
58 72 58
58 73 23
58 74 63
58 75 1
58 76 37
58 77 72
58 78 3
58 79 67
58 80 95
58 81 59
58 82 90
58 83 24
58 84 94
58 85 27
58 86 34
58 87 22
58 88 64
58 89 38
58 90 17
58 91 59
58 92 68
58 93 5
58 94 59
58 95 44
58 96 73
58 97 43
58 98 97
58 99 16
59 0 15
59 1 17
59 2 61
59 3 53
59 4 13
59 5 94
59 6 97
59 7 48
59 8 23
59 9 99
59 10 60
59 11 2
59 12 49
59 13 28
59 14 32
59 15 38
59 16 26
59 17 23
59 18 60
59 19 46
59 20 38
59 21 75
59 22 34
59 23 47
59 24 69
59 25 5
59 26 49
59 27 65
59 28 30
59 29 56
59 30 55
59 31 44
59 32 52
59 33 52
59 34 94
59 35 46
59 36 100
59 37 99
59 38 48
59 39 68
59 40 56
59 41 83
59 42 61
59 43 24
59 44 68
59 45 6
59 46 12
59 47 36
59 48 6
59 49 100
59 50 4
59 51 81
59 52 38
59 53 37
59 54 65
59 55 51
59 56 82
59 57 13
59 58 52
59 60 63
59 61 75
59 62 23
59 63 23
59 64 95
59 65 58
59 66 46
59 67 31
59 68 81
59 69 28
59 70 83
59 71 63
59 72 75
59 73 58
59 74 26
59 75 23
59 76 25
59 77 2
59 78 4
59 79 27
59 80 42
59 81 71
59 82 19
59 83 48
59 84 92
59 85 43
59 86 25
59 87 9
59 88 11
59 89 9
59 90 73
59 91 83
59 92 18
59 93 92
59 94 17
59 95 95
59 96 19
59 97 22
59 98 34
59 99 21
60 0 19
60 1 96
60 2 65
60 3 34
60 4 15
60 5 78
60 6 19
60 7 23
60 8 3
60 9 100
60 10 37
60 11 1
60 12 72
60 13 78
60 14 37
60 15 87
60 16 37
60 17 74
60 18 93
60 19 66
60 20 95
60 21 96
60 22 60
60 23 81
60 24 20
60 25 99
60 26 57
60 27 46
60 28 78
60 29 43
60 30 74
60 31 15
60 32 2
60 33 11
60 34 6
60 35 13
60 36 38
60 37 28
60 38 97
60 39 34
60 40 9
60 41 61
60 42 7
60 43 77
60 44 50
60 45 85
60 46 34
60 47 5
60 48 7
60 49 84
60 50 2
60 52 16
60 53 18
60 54 9
60 55 64
60 56 82
60 57 50
60 58 59
60 59 45
60 61 99
60 62 71
60 63 18
60 64 24
60 65 97
60 66 65
60 67 17
60 68 68
60 69 28
60 70 84
60 71 72
60 72 94
60 73 48
60 74 69
60 75 20
60 76 54
60 77 10
60 78 100
60 79 49
60 80 63
60 81 88
60 82 73
60 83 33
60 84 39
60 85 81
60 86 80
60 87 23
60 88 48
60 89 41
60 90 46
60 91 43
60 92 36
60 93 36
60 94 54
60 95 6
60 96 38
60 97 54
60 98 26
60 99 24
61 0 79
61 1 84
61 2 29
61 3 45
61 4 61
61 5 73
61 6 78
61 7 59
61 8 57
61 9 75
61 10 37
61 11 91
61 12 38
61 13 46
61 14 27
61 15 73
61 16 79
61 17 22
61 18 1
61 19 2
61 20 47
61 21 6
61 22 52
61 23 49
61 24 49
61 25 28
61 26 62
61 27 39
61 28 59
61 29 73
61 30 33
61 31 46
61 32 30
61 33 22
61 34 28
61 35 1
61 36 38
61 37 92
61 38 75
61 39 91
61 40 13
61 41 63
61 43 85
61 44 88
61 45 80
61 46 26
61 47 60
61 48 100
61 49 86
61 50 90
61 51 55
61 52 19
61 53 37
61 54 64
61 55 63
61 56 62
61 57 22
61 58 62
61 59 49
61 60 2
61 62 56
61 63 71
61 64 86
61 65 1
61 66 58
61 68 47
61 69 12
61 70 29
61 71 24
61 72 29
61 73 74
61 74 67
61 75 87
61 76 74
61 77 30
61 78 26
61 79 71
61 80 81
61 81 74
61 82 3
61 83 35
61 84 2
61 85 87
61 86 49
61 87 15
61 88 11
61 89 61
61 90 89
61 91 42
61 92 50
61 93 60
61 94 89
61 95 2
61 96 1
61 97 17
61 98 67
61 99 44
62 0 44
62 1 62
62 2 78
62 3 74
62 4 8
62 5 70
62 6 26
62 7 2
62 8 18
62 9 37
62 10 31
62 11 4
62 12 8
62 13 25
62 14 78
62 15 45
62 16 4
62 17 28
62 18 89
62 19 14
62 20 9
62 21 2
62 22 73
62 23 30
62 24 28
62 25 54
62 26 57
62 27 33
62 28 1
62 29 35
62 30 96
62 31 48
62 32 93
62 33 17
62 34 8
62 35 61
62 36 32
62 37 84
62 38 97
62 39 5
62 40 4
62 41 100
62 42 53
62 43 26
62 44 14
62 45 65
62 46 93
62 47 91
62 48 14
62 49 38
62 50 67
62 51 90
62 52 49
62 53 35
62 54 75
62 55 89
62 56 74
62 57 86
62 58 20
62 59 40
62 60 32
62 63 68
62 64 16
62 65 50
62 66 49
62 67 5
62 68 15
62 69 14
62 70 4
62 71 31
62 72 83
62 73 41
62 74 91
62 75 18
62 76 100
62 77 67
62 78 11
62 79 48
62 80 18
62 81 86
62 82 84
62 83 21
62 84 17
62 85 38
62 86 93
62 87 66
62 89 96
62 90 58
62 91 58
62 92 4
62 93 43
62 94 85
62 95 6
62 96 14
62 97 77
62 98 98
62 99 42
63 0 81
63 1 14
63 2 16
63 3 6
63 4 85
63 5 88
63 6 23
63 7 45
63 8 56
63 9 90
63 10 12
63 11 22
63 12 93
63 13 67
63 14 8
63 15 40
63 16 11
63 17 63
63 18 47
63 19 39
63 20 5
63 21 70
63 22 53
63 23 84
63 24 100
63 25 66
63 26 49
63 27 48
63 28 58
63 29 31
63 30 8
63 31 8
63 32 65
63 33 33
63 34 24
63 35 39
63 36 80
63 37 38
63 38 62
63 39 93
63 40 5
63 41 86
63 42 37
63 43 65
63 44 2
63 45 52
63 46 15
63 47 88
63 48 11
63 49 29
63 50 40
63 51 47
63 52 47
63 53 80
63 54 34
63 55 72
63 56 62
63 57 53
63 58 31
63 59 48
63 60 86
63 61 62
63 62 86
63 64 37
63 65 16
63 66 85
63 67 19
63 68 90
63 69 40
63 70 18
63 72 89
63 73 31
63 74 19
63 75 15
63 76 27
63 77 66
63 78 27
63 79 22
63 80 10
63 81 69
63 82 3
63 83 28
63 84 70
63 85 59
63 86 39
63 87 35
63 88 12
63 89 83
63 90 33
63 91 45
63 92 4
63 93 50
63 94 41
63 95 4
63 96 44
63 97 23
63 98 16
63 99 59
64 0 41
64 1 59
64 2 14
64 3 1
64 4 96
64 5 92
64 6 86
64 7 75
64 8 87
64 9 2
64 10 38
64 11 54
64 12 99
64 13 25
64 14 94
64 15 65
64 16 100
64 17 99
64 18 49
64 19 47
64 20 8
64 21 36
64 22 84
64 23 81
64 24 59
64 25 6
64 26 17
64 27 89
64 28 68
64 29 45
64 30 81
64 31 75
64 32 92
64 33 48
64 34 11
64 35 31
64 36 30
64 37 43
64 38 11
64 39 80
64 40 50
64 41 60
64 42 84
64 43 3
64 44 7
64 45 81
64 46 35
64 47 16
64 48 47
64 49 55
64 50 58
64 51 10
64 52 52
64 53 77
64 54 52
64 55 8
64 56 48
64 57 80
64 58 48
64 59 27
64 60 40
64 62 85
64 63 39
64 65 32
64 66 66
64 67 40
64 68 65
64 69 15
64 70 25
64 71 2
64 72 82
64 74 25
64 75 64
64 76 5
64 77 60
64 78 93
64 79 86
64 80 6
64 81 63
64 82 64
64 83 86
64 84 12
64 85 88
64 86 89
64 87 35
64 88 19
64 89 48
64 90 89
64 91 9
64 92 32
64 93 74
64 94 4
64 95 12
64 96 83
64 97 73
64 98 87
64 99 57
65 0 38
65 1 91
65 2 39
65 3 5
65 4 20
65 5 93
65 6 69
65 7 70
65 8 63
65 9 78
65 10 75
65 11 86
65 12 100
65 13 23
65 14 18
65 15 63
65 16 62
65 17 62
65 18 40
65 19 15
65 20 61
65 21 45
65 22 62
65 23 31
65 24 75
65 25 54
65 26 32
65 27 62
65 28 16
65 29 3
65 30 5
65 31 14
65 32 16
65 33 5
65 34 93
65 35 16
65 36 55
65 37 92
65 38 93
65 39 27
65 40 74
65 41 96
65 42 22
65 43 36
65 44 53
65 45 43
65 46 20
65 47 26
65 48 59
65 49 57
65 50 9
65 51 90
65 52 97
65 53 85
65 54 36
65 55 68
65 56 13
65 57 91
65 58 94
65 59 75
65 60 56
65 61 96
65 62 12
65 63 74
65 64 49
65 66 98
65 67 47
65 68 97
65 69 100
65 70 25
65 71 32
65 72 6
65 73 35
65 74 33
65 75 20
65 76 8
65 77 22
65 78 96
65 79 12
65 80 47
65 81 51
65 82 80
65 83 87
65 84 91
65 86 16
65 87 4
65 88 80
65 89 85
65 90 87
65 91 59
65 92 18
65 93 25
65 94 68
65 95 96
65 96 41
65 97 20
65 98 37
65 99 33
66 0 64
66 1 85
66 2 79
66 3 17
66 4 18
66 5 38
66 6 51
66 7 46
66 8 51
66 9 9
66 10 67
66 11 6
66 12 83
66 13 21
66 14 55
66 15 32
66 16 4
66 17 73
66 18 82
66 19 37
66 20 36
66 21 68
66 22 99
66 23 3
66 24 33
66 25 97
66 26 13
66 27 86
66 28 49
66 29 80
66 30 27
66 31 84
66 32 57
66 33 3
66 34 50
66 35 93
66 36 42
66 37 71
66 38 34
66 39 13
66 40 74
66 41 30
66 42 23
66 43 17
66 44 17
66 45 11
66 46 66
66 47 49
66 48 83
66 49 97
66 50 30
66 51 74
66 52 45
66 53 58
66 54 3
66 55 31
66 56 70
66 58 12
66 59 75
66 60 46
66 61 96
66 62 1
66 63 74
66 64 44
66 65 52
66 67 23
66 68 66
66 69 88
66 70 57
66 71 11
66 72 29
66 73 32
66 74 27
66 75 61
66 76 40
66 78 34
66 79 72
66 80 63
66 81 75
66 82 59
66 83 45
66 84 3
66 85 58
66 86 64
66 87 63
66 88 45
66 89 52
66 90 74
66 91 7
66 92 21
66 93 8
66 94 41
66 95 97
66 96 67
66 97 21
66 98 54
66 99 6
67 0 88
67 1 58
67 2 66
67 3 8
67 4 3
67 5 17
67 6 63
67 7 22
67 8 56
67 9 78
67 10 83
67 11 63
67 12 58
67 13 61
67 14 100
67 15 33
67 16 45
67 17 26
67 18 94
67 19 99
67 20 61
67 21 49
67 22 88
67 23 78
67 24 94
67 25 98
67 26 9
67 27 42
67 28 23
67 29 62
67 30 50
67 31 4
67 32 55
67 33 9
67 34 12
67 35 26
67 36 26
67 37 96
67 38 28
67 39 22
67 40 33
67 41 23
67 42 62
67 43 21
67 44 89
67 45 84
67 46 93
67 47 18
67 48 14
67 49 90
67 50 25
67 51 82
67 52 15
67 53 33
67 54 83
67 55 56
67 56 97
67 57 1
67 60 37
67 61 84
67 62 58
67 63 90
67 64 42
67 65 34
67 66 14
67 68 94
67 69 60
67 70 58
67 71 77
67 72 34
67 73 7
67 74 31
67 75 50
67 76 65
67 77 38
67 78 96
67 79 69
67 80 57
67 81 14
67 82 76
67 83 43
67 84 29
67 85 72
67 86 83
67 87 51
67 88 44
67 89 88
67 90 82
67 91 37
67 92 24
67 93 63
67 94 91
67 95 22
67 96 9
67 97 4
67 98 79
67 99 18
68 0 2
68 1 50
68 2 74
68 3 26
68 4 20
68 5 92
68 6 98
68 7 34
68 8 15
68 9 93
68 10 78
68 11 44
68 12 72
68 14 21
68 15 88
68 16 49
68 17 58
68 18 54
68 19 10
68 20 11
68 21 13
68 22 97
68 23 39
68 24 51
68 25 42
68 26 9
68 27 67
68 29 67
68 30 5
68 31 97
68 32 53
68 33 1
68 34 90
68 35 72
68 36 50
68 38 31
68 39 95
68 40 36
68 41 66
68 42 42
68 43 48
68 44 78
68 45 25
68 46 73
68 47 25
68 48 60
68 49 60
68 50 39
68 51 17
68 52 69
68 53 83
68 54 61
68 55 49
68 56 22
68 57 49
68 58 43
68 59 96
68 60 11
68 61 37
68 62 47
68 63 90
68 64 27
68 65 88
68 66 19
68 67 82
68 69 66
68 70 74
68 71 78
68 72 54
68 73 23
68 74 50
68 75 89
68 76 41
68 77 13
68 78 79
68 79 89
68 80 49
68 81 2
68 82 14
68 83 27
68 84 27
68 85 95
68 86 27
68 87 56
68 88 49
68 89 37
68 90 45
68 91 25
68 92 70
68 93 28
68 94 35
68 95 67
68 96 51
68 97 46
68 98 64
68 99 26
69 0 46
69 1 100
69 2 43
69 3 91
69 4 2
69 5 78
69 6 76
69 7 20
69 8 45
69 9 8
69 10 18
69 11 38
69 12 9
69 13 46
69 14 6
69 15 49
69 16 62
69 17 52
69 18 25
69 19 98
69 20 64
69 21 88
69 22 9
69 23 44
69 24 74
69 25 37
69 26 54
69 27 38
69 28 19
69 29 45
69 30 85
69 31 12
69 32 63
69 33 7
69 34 53
69 35 18
69 36 40
69 37 57
69 38 100
69 39 17
69 40 56
69 41 51
69 42 14
69 43 16
69 44 84
69 45 42
69 46 61
69 47 82
69 48 19
69 49 48
69 50 65
69 51 100
69 52 77
69 53 89
69 54 29
69 55 79
69 56 97
69 57 38
69 58 3
69 59 92
69 60 33
69 61 80
69 62 92
69 64 83
69 65 75
69 66 98
69 67 18
69 68 68
69 70 68
69 71 56
69 72 6
69 73 36
69 74 21
69 75 80
69 76 81
69 77 85
69 78 16
69 79 53
69 80 98
69 81 41
69 82 96
69 83 12
69 84 60
69 85 44
69 87 19
69 88 86
69 89 54
69 90 89
69 91 74
69 92 69
69 94 34
69 95 5
69 96 85
69 97 16
69 98 4
69 99 76
70 0 90
70 1 48
70 2 48
70 3 46
70 4 4
70 5 17
70 6 33
70 7 72
70 8 76
70 9 72
70 10 33
70 11 36
70 12 21
70 13 84
70 14 68
70 15 88
70 16 27
70 17 36
70 18 9
70 19 87
70 20 35
70 21 75
70 22 59
70 23 7
70 24 84
70 25 93
70 26 23
70 27 58
70 28 97
70 29 10
70 31 65
70 32 44
70 33 30
70 34 21
70 35 84
70 36 71
70 37 20
70 38 99
70 39 88
70 40 4
70 41 100
70 42 1
70 43 89
70 44 30
70 45 50
70 46 92
70 47 78
70 48 50
70 49 70
70 50 42
70 51 50
70 52 53
70 53 60
70 54 26
70 55 39
70 56 35
70 57 37
70 58 18
70 59 94
70 60 43
70 61 86
70 62 78
70 63 79
70 64 67
70 65 40
70 66 80
70 67 45
70 68 37
70 69 81
70 71 36
70 72 98
70 73 21
70 74 92
70 75 48
70 76 57
70 77 81
70 78 86
70 79 57
70 80 38
70 81 39
70 82 95
70 83 70
70 84 96
70 85 71
70 86 53
70 87 13
70 88 100
70 89 30
70 90 90
70 91 33
70 92 90
70 93 48
70 94 7
70 95 90
70 96 16
70 97 59
70 98 50
70 99 16
71 0 65
71 1 70
71 2 76
71 3 52
71 4 77
71 5 64
71 6 25
71 7 96
71 8 97
71 9 88
71 10 25
71 11 43
71 12 65
71 13 97
71 14 54
71 15 33
71 16 9
71 17 100
71 18 95
71 19 7
71 20 37
71 21 59
71 22 82
71 23 90
71 24 29
71 25 23
71 26 42
71 27 95
71 28 53
71 29 58
71 30 97
71 31 72
71 32 10
71 33 10
71 34 94
71 35 69
71 36 7
71 37 89
71 38 48
71 39 82
71 40 68
71 41 6
71 42 52
71 43 18
71 44 31
71 45 82
71 46 67
71 47 49
71 48 93
71 49 26
71 50 71
71 51 14
71 52 7
71 53 81
71 54 54
71 55 82
71 56 60
71 57 80
71 58 25
71 59 26
71 60 31
71 61 40
71 62 79
71 63 74
71 64 22
71 65 39
71 66 49
71 67 94
71 68 41
71 69 10
71 70 58
71 72 54
71 73 8
71 74 81
71 75 92
71 76 7
71 77 58
71 78 35
71 79 82
71 80 95
71 81 25
71 82 29
71 83 37
71 84 18
71 85 64
71 86 72
71 87 96
71 88 15
71 89 43
71 90 90
71 91 66
71 92 80
71 93 30
71 94 26
71 95 7
71 96 63
71 97 12
71 98 81
71 99 86
72 0 59
72 1 97
72 2 21
72 3 35
72 4 94
72 5 35
72 6 89
72 7 6
72 8 89
72 9 51
72 10 78
72 11 20
72 12 59
72 13 98
72 14 20
72 15 34
72 16 27
72 17 94
72 18 27
72 19 41
72 20 34
72 21 9
72 23 63
72 24 33
72 25 79
72 26 51
72 27 65
72 28 16
72 29 24
72 30 39
72 31 4
72 32 77
72 33 98
72 34 33
72 35 91
72 36 73
72 37 71
72 38 12
72 39 96
72 40 37
72 41 46
72 42 21
72 43 77
72 44 62
72 45 57
72 46 69
72 47 14
72 48 75
72 49 5
72 50 79
72 51 24
72 52 57
72 53 61
72 54 58
72 55 99
72 56 38
72 57 76
72 58 13
72 59 1
72 60 90
72 61 43
72 62 64
72 63 83
72 64 78
72 65 97
72 66 6
72 67 77
72 68 97
72 69 31
72 70 64
72 71 22
72 74 60
72 75 59
72 76 44
72 77 70
72 78 74
72 79 9
72 80 63
72 81 8
72 82 15
72 83 16
72 84 51
72 85 85
72 86 96
72 87 30
72 88 4
72 89 40
72 90 30
72 91 67
72 92 58
72 93 41
72 94 47
72 95 94
72 96 95
72 97 99
72 98 63
72 99 71
73 0 22
73 1 87
73 2 42
73 3 2
73 4 90
73 5 15
73 6 50
73 7 58
73 8 29
73 9 37
73 10 98
73 11 14
73 12 61
73 13 17
73 14 45
73 15 10
73 16 61
73 17 49
73 19 88
73 20 40
73 21 40
73 22 44
73 23 90
73 24 82
73 25 80
73 26 76
73 27 15
73 28 56
73 29 8
73 30 97
73 31 86
73 32 67
73 33 70
73 34 75
73 35 39
73 36 90
73 37 33
73 38 69
73 39 30
73 40 2
73 41 76
73 42 53
73 43 58
73 44 9
73 45 62
73 46 79
73 47 88
73 48 87
73 49 9
73 50 85
73 51 1
73 52 36
73 53 41
73 54 38
73 55 25
73 56 24
73 57 45
73 58 33
73 59 28
73 60 32
73 61 42
73 62 58
73 63 53
73 64 31
73 65 50
73 66 92
73 67 86
73 68 51
73 69 22
73 70 5
73 71 82
73 72 75
73 74 90
73 75 23
73 76 69
73 77 80
73 78 24
73 79 31
73 80 21
73 81 73
73 82 73
73 83 38
73 84 98
73 85 23
73 86 64
73 87 25
73 88 46
73 89 57
73 90 92
73 91 58
73 92 7
73 93 43
73 94 36
73 95 26
73 96 88
73 97 5
73 98 87
73 99 8
74 0 78
74 1 49
74 2 17
74 3 75
74 4 6
74 5 25
74 7 43
74 8 92
74 9 83
74 10 47
74 11 1
74 12 59
74 13 55
74 14 34
74 15 30
74 16 42
74 18 34
74 19 90
74 20 17
74 21 70
74 22 4
74 23 3
74 24 66
74 25 34
74 26 54
74 27 95
74 28 95
74 29 35
74 30 1
74 31 66
74 32 51
74 33 86
74 34 43
74 35 46
74 36 97
74 37 97
74 38 72
74 39 98
74 40 70
74 41 16
74 42 16
74 43 71
74 44 86
74 45 4
74 46 74
74 47 82
74 48 64
74 49 56
74 50 69
74 51 52
74 52 67
74 53 38
74 54 36
74 55 3
74 56 79
74 57 4
74 58 63
74 59 12
74 60 49
74 61 33
74 62 16
74 63 87
74 64 11
74 65 81
74 66 70
74 67 21
74 68 19
74 69 79
74 70 53
74 71 25
74 72 1
74 73 22
74 75 70
74 76 92
74 77 38
74 78 95
74 79 24
74 80 26
74 81 92
74 82 59
74 83 50
74 84 30
74 85 5
74 86 44
74 87 41
74 88 33
74 89 97
74 90 61
74 91 3
74 92 18
74 93 13
74 94 93
74 95 30
74 96 82
74 97 25
74 98 95
74 99 85
75 0 67
75 1 87
75 2 65
75 3 33
75 4 8
75 5 51
75 6 54
75 7 9
75 8 62
75 9 92
75 10 89
75 11 85
75 12 10
75 13 39
75 14 34
75 15 49
75 16 7
75 17 56
75 18 23
75 19 30
75 20 55
75 21 28
75 22 94
75 23 62
75 24 23
75 25 26
75 26 2
75 27 22
75 28 16
75 29 75
75 30 84
75 31 22
75 32 48
75 33 69
75 34 100
75 35 50
75 36 86
75 37 82
75 38 69
75 39 15
75 40 22
75 41 22
75 42 10
75 43 1
75 44 98
75 45 3
75 46 30
75 47 65
75 48 22
75 49 19
75 50 92
75 51 79
75 52 85
75 53 30
75 54 83
75 55 51
75 56 51
75 57 41
75 58 86
75 59 38
75 60 27
75 61 31
75 62 33
75 63 97
75 64 96
75 65 18
75 66 22
75 67 94
75 68 57
75 69 31
75 70 81
75 71 6
75 72 87
75 73 57
75 74 21
75 76 51
75 77 83
75 78 73
75 79 70
75 80 78
75 81 84
75 82 3
75 83 99
75 84 10
75 85 99
75 86 41
75 87 70
75 88 54
75 89 65
75 90 99
75 91 28
75 92 51
75 93 98
75 94 69
75 95 86
75 96 30
75 97 50
75 98 65
75 99 25
76 0 32
76 1 61
76 2 10
76 3 99
76 4 89
76 5 23
76 6 29
76 7 67
76 8 18
76 9 68
76 10 28
76 11 9
76 12 47
76 13 44
76 14 80
76 15 69
76 16 53
76 17 85
76 18 78
76 19 97
76 20 85
76 21 56
76 22 71
76 23 35
76 24 97
76 25 31
76 26 73
76 27 60
76 28 97
76 29 31
76 30 24
76 31 84
76 32 11
76 33 13
76 34 70
76 35 2
76 36 69
76 37 69
76 38 99
76 39 66
76 40 85
76 41 20
76 42 71
76 43 4
76 44 32
76 45 44
76 46 51
76 47 73
76 48 51
76 49 6
76 50 95
76 51 97
76 52 55
76 53 59
76 54 64
76 55 78
76 56 44
76 57 71
76 58 26
76 59 20
76 60 25
76 61 40
76 62 69
76 63 1
76 64 50
76 65 50
76 66 69
76 67 50
76 68 52
76 69 98
76 70 93
76 71 72
76 72 75
76 73 70
76 74 78
76 75 38
76 77 63
76 78 3
76 79 76
76 80 55
76 81 97
76 82 60
76 83 31
76 84 40
76 85 84
76 86 66
76 87 96
76 88 41
76 89 60
76 90 59
76 91 83
76 92 50
76 93 33
76 94 93
76 95 58
76 96 49
76 97 3
76 98 73
76 99 44
77 0 64
77 1 22
77 2 74
77 3 20
77 4 18
77 5 10
77 6 75
77 7 40
77 8 18
77 9 21
77 10 52
77 11 62
77 12 3
77 13 80
77 14 16
77 15 39
77 16 34
77 17 67
77 18 40
77 19 99
77 20 64
77 21 48
77 22 39
77 23 33
77 24 66
77 25 35
77 26 92
77 27 78
77 28 39
77 29 20
77 30 100
77 31 73
77 32 96
77 33 24
77 34 95
77 35 90
77 36 19
77 37 36
77 38 37
77 39 74
77 40 44
77 41 78
77 42 25
77 43 1
77 44 93
77 45 97
77 46 11
77 47 91
77 48 34
77 49 40
77 50 64
77 51 21
77 52 4
77 53 86
77 54 16
77 55 73
77 56 25
77 57 82
77 58 33
77 59 30
77 60 8
77 61 38
77 62 18
77 63 56
77 64 65
77 65 72
77 66 85
77 67 38
77 68 29
77 69 88
77 70 62
77 71 96
77 72 95
77 73 35
77 74 65
77 75 23
77 76 99
77 78 24
77 79 66
77 80 67
77 81 29
77 82 46
77 83 79
77 84 6
77 85 98
77 86 97
77 87 26
77 88 15
77 89 37
77 90 7
77 91 94
77 92 81
77 93 74
77 94 97
77 95 69
77 96 70
77 97 47
77 98 10
77 99 81
78 0 100
78 1 69
78 2 1
78 3 94
78 5 56
78 6 11
78 7 9
78 8 64
78 9 100
78 10 77
78 11 76
78 12 78
78 13 27
78 14 47
78 15 9
78 16 96
78 17 51
78 18 18
78 19 63
78 21 15
78 22 82
78 23 76
78 24 14
78 25 44
78 26 42
78 27 75
78 28 26
78 29 13
78 30 99
78 31 93
78 32 16
78 33 50
78 34 33
78 35 81
78 36 82
78 37 44
78 38 39
78 39 66
78 40 72
78 41 15
78 42 84
78 43 44
78 44 55
78 45 88
78 46 38
78 47 31
78 48 87
78 49 28
78 50 3
78 51 55
78 52 83
78 53 84
78 55 39
78 56 44
78 57 13
78 58 62
78 59 43
78 60 71
78 61 35
78 62 50
78 63 69
78 64 23
78 65 83
78 66 44
78 67 26
78 68 41
78 69 39
78 70 21
78 71 54
78 72 38
78 73 98
78 74 1
78 75 80
78 76 86
78 77 92
78 79 92
78 80 77
78 81 8
78 82 39
78 83 2
78 84 92
78 85 23
78 86 43
78 87 54
78 88 48
78 89 82
78 90 54
78 91 8
78 92 56
78 93 34
78 94 82
78 95 58
78 96 56
78 97 32
78 98 21
78 99 56
79 0 74
79 1 87
79 2 56
79 3 35
79 4 41
79 5 7
79 6 78
79 7 18
79 8 86
79 9 75
79 10 66
79 11 15
79 12 46
79 13 44
79 14 68
79 15 20
79 16 72
79 17 100
79 18 11
79 19 13
79 20 46
79 21 24
79 22 24
79 23 69
79 24 86
79 25 30
79 26 90
79 27 60
79 28 12
79 29 11
79 30 32
79 31 76
79 32 28
79 33 91
79 34 92
79 35 31
79 36 6
79 37 99
79 38 39
79 39 48
79 40 87
79 41 41
79 42 33
79 43 43
79 44 15
79 45 39
79 46 45
79 47 88
79 48 45
79 49 6
79 50 57
79 51 69
79 52 31
79 53 10
79 54 52
79 55 15
79 56 60
79 57 90
79 58 41
79 59 87
79 60 3
79 61 94
79 62 84
79 63 84
79 64 94
79 65 65
79 66 7
79 67 19
79 68 37
79 69 19
79 70 70
79 71 91
79 72 24
79 73 35
79 74 84
79 75 60
79 76 64
79 77 91
79 78 45
79 80 62
79 81 8
79 82 5
79 83 43
79 84 18
79 85 7
79 86 32
79 87 91
79 88 46
79 89 82
79 90 73
79 91 91
79 92 27
79 93 94
79 94 16
79 95 36
79 96 57
79 97 85
79 98 47
79 99 70
80 0 93
80 1 80
80 2 37
80 3 22
80 4 37
80 5 9
80 6 95
80 7 14
80 8 99
80 9 16
80 10 93
80 11 56
80 12 35
80 13 69
80 14 80
80 15 69
80 16 14
80 17 20
80 18 26
80 19 11
80 20 1
80 21 93
80 22 24
80 23 29
80 24 46
80 25 29
80 26 63
80 27 27
80 28 7
80 29 11
80 30 65
80 31 83
80 32 32
80 33 33
80 34 67
80 35 22
80 36 76
80 37 62
80 38 63
80 39 94
80 40 46
80 41 86
80 42 17
80 43 96
80 44 99
80 45 65
80 46 21
80 47 17
80 48 16
80 49 22
80 50 84
80 51 49
80 52 9
80 53 18
80 54 99
80 55 82
80 56 85
80 57 49
80 58 15
80 59 56
80 60 20
80 61 77
80 62 53
80 63 74
80 64 19
80 65 25
80 66 78
80 67 62
80 68 28
80 69 29
80 70 10
80 71 98
80 72 79
80 73 76
80 74 86
80 75 71
80 76 30
80 77 6
80 78 37
80 79 41
80 81 72
80 82 51
80 83 13
80 84 81
80 85 11
80 86 32
80 87 4
80 88 86
80 89 93
80 90 50
80 91 97
80 92 59
80 93 60
80 94 13
80 95 81
80 96 88
80 97 76
80 98 88
80 99 31
81 0 13
81 1 100
81 2 84
81 3 61
81 4 3
81 5 64
81 6 34
81 8 18
81 9 57
81 10 85
81 11 8
81 12 43
81 13 68
81 14 99
81 15 30
81 16 96
81 17 4
81 18 38
81 19 98
81 20 23
81 21 78
81 22 66
81 23 9
81 24 95
81 25 82
81 26 86
81 27 93
81 28 13
81 29 40
81 30 6
81 31 92
81 32 26
81 33 88
81 34 18
81 35 78
81 36 96
81 37 65
81 38 30
81 39 9
81 40 43
81 41 25
81 42 30
81 43 19
81 44 87
81 45 94
81 46 18
81 47 19
81 48 4
81 49 47
81 50 35
81 51 96
81 52 28
81 53 73
81 54 99
81 55 53
81 56 17
81 57 44
81 58 70
81 59 80
81 60 31
81 61 33
81 62 79
81 63 68
81 64 68
81 65 61
81 66 57
81 67 5
81 68 2
81 70 40
81 71 46
81 72 89
81 73 39
81 74 47
81 75 98
81 76 34
81 77 52
81 78 21
81 79 45
81 80 24
81 82 58
81 83 58
81 84 64
81 85 55
81 86 70
81 87 8
81 88 59
81 89 84
81 90 89
81 91 17
81 92 78
81 93 16
81 94 22
81 95 75
81 96 36
81 97 73
81 98 28
81 99 53
82 0 99
82 1 34
82 2 17
82 3 95
82 4 23
82 5 24
82 6 49
82 7 48
82 8 97
82 9 82
82 10 61
82 11 86
82 12 4
82 13 62
82 14 82
82 15 7
82 16 18
82 17 60
82 18 2
82 19 58
82 20 92
82 21 61
82 22 20
82 23 23
82 24 22
82 25 5
82 26 69
82 27 7
82 28 45
82 29 2
82 30 32
82 31 94
82 32 34
82 33 39
82 34 53
82 35 68
82 36 18
82 37 84
82 38 39
82 39 98
82 40 47
82 41 14
82 42 14
82 43 27
82 44 28
82 45 15
82 46 11
82 47 22
82 48 28
82 49 92
82 50 62
82 51 78
82 52 59
82 53 94
82 54 65
82 55 52
82 56 11
82 57 82
82 58 81
82 59 10
82 60 49
82 61 95
82 62 59
82 63 51
82 64 11
82 65 34
82 66 34
82 67 100
82 68 82
82 69 47
82 70 37
82 71 18
82 72 15
82 73 89
82 74 26
82 75 80
82 76 33
82 77 76
82 78 57
82 79 27
82 80 83
82 81 8
82 83 30
82 84 52
82 85 61
82 86 12
82 87 60
82 88 23
82 89 29
82 90 8
82 91 75
82 92 60
82 93 91
82 94 94
82 95 5
82 96 100
82 97 13
82 98 85
82 99 68
83 0 91
83 1 53
83 2 45
83 3 8
83 4 7
83 5 11
83 6 17
83 7 90
83 8 30
83 9 31
83 10 99
83 11 97
83 12 52
83 13 59
83 14 90
83 15 6
83 16 37
83 17 61
83 18 48
83 19 86
83 20 17
83 21 36
83 22 91
83 23 26
83 24 65
83 25 73
83 26 66
83 27 52
83 28 57
83 29 1
83 30 13
83 31 27
83 32 64
83 33 91
83 34 69
83 35 12
83 36 88
83 37 85
83 38 90
83 39 29
83 40 59
83 41 50
83 42 11
83 43 39
83 44 29
83 45 76
83 46 77
83 47 79
83 48 51
83 49 4
83 50 35
83 51 91
83 52 65
83 53 14
83 54 21
83 55 43
83 56 98
83 57 78
83 58 42
83 59 41
83 60 51
83 61 65
83 62 33
83 63 40
83 64 92
83 65 18
83 66 67
83 67 13
83 68 96
83 69 84
83 70 66
83 71 9
83 72 73
83 73 37
83 74 60
83 75 82
83 76 6
83 77 55
83 78 38
83 79 34
83 80 48
83 81 16
83 82 60
83 84 50
83 85 8
83 86 8
83 87 6
83 88 10
83 89 92
83 90 13
83 92 86
83 93 17
83 94 98
83 95 84
83 96 87
83 97 9
83 98 41
83 99 55
84 0 96
84 1 8
84 2 60
84 3 5
84 4 88
84 5 68
84 6 17
84 7 62
84 8 54
84 9 38
84 10 6
84 11 13
84 12 42
84 13 60
84 14 48
84 15 43
84 16 4
84 17 29
84 18 54
84 19 95
84 20 70
84 21 72
84 22 35
84 23 43
84 24 35
84 25 78
84 26 13
84 27 46
84 28 47
84 29 8
84 30 4
84 31 73
84 32 41
84 33 67
84 34 57
84 35 83
84 36 21
84 37 81
84 38 12
84 39 29
84 40 35
84 41 80
84 42 78
84 43 14
84 44 52
84 45 69
84 46 87
84 47 6
84 48 38
84 49 11
84 50 72
84 51 94
84 52 57
84 53 60
84 54 88
84 55 30
84 56 26
84 57 100
84 58 6
84 59 18
84 60 98
84 61 92
84 62 99
84 63 44
84 64 93
84 65 35
84 66 30
84 67 16
84 68 7
84 69 21
84 70 42
84 71 95
84 72 68
84 73 13
84 74 1
84 75 79
84 76 63
84 77 10
84 78 80
84 79 15
84 80 12
84 81 81
84 82 72
84 83 60
84 85 55
84 86 33
84 87 39
84 88 35
84 89 100
84 90 100
84 91 56
84 92 62
84 93 40
84 94 42
84 95 9
84 96 50
84 97 4
84 98 11
84 99 50
85 0 81
85 1 16
85 2 23
85 3 57
85 4 25
85 5 77
85 6 53
85 7 42
85 8 14
85 9 37
85 10 73
85 11 31
85 12 52
85 13 81
85 14 83
85 15 36
85 16 41
85 17 24
85 18 32
85 19 32
85 20 16
85 21 15
85 22 84
85 23 89
85 24 67
85 25 24
85 26 81
85 27 78
85 28 69
85 29 75
85 30 22
85 31 32
85 32 87
85 33 60
85 34 58
85 35 46
85 36 21
85 37 8
85 38 32
85 39 6
85 40 98
85 41 91
85 42 87
85 43 72
85 44 43
85 45 76
85 46 18
85 47 63
85 48 19
85 49 55
85 50 79
85 51 11
85 52 48
85 53 90
85 54 63
85 55 32
85 56 25
85 57 74
85 58 29
85 59 29
85 60 75
85 61 9
85 62 73
85 63 48
85 64 94
85 65 68
85 66 38
85 67 52
85 68 12
85 69 61
85 70 87
85 71 44
85 72 98
85 73 82
85 74 57
85 75 76
85 76 18
85 77 65
85 78 6
85 79 19
85 80 94
85 81 44
85 82 22
85 83 24
85 84 79
85 86 39
85 87 56
85 88 46
85 89 86
85 90 87
85 91 6
85 92 24
85 93 59
85 94 91
85 95 72
85 96 54
85 97 59
85 98 41
85 99 92
86 0 63
86 1 54
86 2 78
86 3 66
86 4 94
86 5 20
86 6 78
86 7 3
86 8 56
86 9 69
86 10 33
86 11 24
86 12 93
86 13 10
86 14 34
86 15 53
86 16 55
86 17 60
86 18 88
86 19 24
86 20 22
86 21 4
86 22 38
86 23 62
86 24 20
86 25 97
86 26 24
86 27 99
86 28 74
86 29 5
86 30 51
86 31 31
86 32 62
86 33 45
86 34 68
86 35 55
86 36 36
86 37 65
86 38 49
86 39 23
86 40 49
86 41 35
86 42 64
86 43 89
86 44 68
86 45 58
86 46 22
86 47 13
86 48 10
86 49 17
86 50 44
86 51 87
86 52 84
86 53 40
86 54 5
86 55 83
86 56 84
86 57 76
86 58 50
86 59 16
86 60 74
86 61 93
86 62 76
86 63 18
86 64 15
86 65 77
86 66 48
86 67 34
86 68 43
86 69 55
86 70 32
86 71 72
86 72 23
86 74 70
86 75 36
86 76 42
86 77 29
86 78 3
86 79 76
86 80 32
86 81 49
86 82 32
86 83 85
86 84 26
86 85 61
86 87 82
86 88 19
86 89 14
86 91 12
86 92 39
86 93 66
86 94 69
86 95 62
86 96 63
86 97 65
86 98 48
86 99 58
87 0 60
87 1 37
87 2 70
87 3 88
87 4 27
87 5 36
87 6 67
87 7 88
87 8 95
87 9 37
87 10 91
87 11 3
87 12 81
87 13 20
87 14 70
87 15 68
87 16 53
87 17 30
87 18 9
87 19 55
87 20 95
87 21 72
87 22 95
87 23 66
87 24 95
87 25 66
87 26 4
87 27 55
87 28 1
87 29 91
87 30 61
87 31 51
87 32 1
87 33 7
87 34 35
87 35 80
87 36 41
87 37 6
87 38 93
87 39 48
87 40 24
87 41 39
87 42 75
87 43 63
87 44 5
87 45 66
87 46 11
87 47 77
87 48 64
87 49 31
87 50 69
87 51 45
87 52 74
87 53 77
87 54 97
87 55 72
87 56 47
87 57 33
87 58 66
87 59 76
87 60 89
87 61 36
87 62 13
87 63 95
87 64 15
87 65 89
87 66 89
87 67 79
87 68 95
87 69 39
87 70 61
87 71 67
87 72 30
87 73 92
87 74 21
87 75 65
87 76 6
87 77 83
87 78 47
87 79 63
87 80 80
87 81 57
87 82 34
87 83 30
87 84 82
87 85 8
87 86 36
87 88 19
87 89 20
87 90 98
87 91 64
87 92 28
87 93 24
87 94 15
87 95 34
87 96 80
87 97 33
87 98 49
87 99 38
88 0 89
88 1 75
88 2 79
88 3 89
88 4 20
88 5 43
88 6 6
88 7 17
88 8 45
88 9 67
88 10 81
88 11 46
88 12 85
88 13 72
88 14 60
88 15 42
88 16 69
88 17 78
88 18 71
88 19 77
88 20 25
88 21 87
88 22 66
88 23 60
88 24 42
88 25 20
88 26 79
88 27 76
88 28 64
88 29 49
88 30 90
88 31 36
88 32 64
88 33 27
88 34 21
88 35 90
88 36 14
88 37 31
88 38 72
88 39 52
88 40 25
88 41 79
88 42 30
88 43 30
88 44 16
88 45 24
88 46 27
88 47 24
88 48 33
88 49 56
88 50 47
88 51 35
88 52 74
88 53 17
88 54 79
88 55 10
88 56 28
88 57 83
88 58 56
88 59 97
88 60 1
88 61 87
88 62 9
88 63 61
88 64 5
88 65 40
88 66 74
88 67 23
88 68 27
88 69 47
88 70 4
88 71 88
88 72 94
88 73 44
88 74 67
88 75 1
88 76 97
88 77 26
88 78 40
88 79 26
88 80 15
88 81 85
88 82 67
88 83 30
88 84 4
88 85 63
88 86 28
88 87 64
88 89 7
88 90 96
88 91 95
88 92 50
88 93 8
88 94 18
88 95 25
88 96 89
88 97 81
88 98 18
88 99 25
89 0 46
89 1 91
89 2 58
89 3 64
89 4 12
89 5 56
89 6 88
89 7 65
89 8 47
89 9 35
89 10 88
89 11 78
89 12 1
89 13 28
89 14 58
89 15 50
89 16 66
89 17 29
89 18 50
89 19 30
89 20 96
89 21 46
89 22 54
89 23 11
89 24 16
89 25 9
89 26 84
89 27 79
89 28 7
89 29 33
89 30 72
89 31 98
89 32 38
89 33 11
89 34 71
89 35 42
89 36 57
89 37 38
89 38 58
89 39 79
89 40 28
89 41 9
89 42 94
89 43 27
89 44 42
89 45 24
89 46 67
89 47 19
89 48 71
89 49 69
89 50 70
89 51 89
89 52 54
89 53 57
89 54 79
89 55 92
89 56 15
89 57 37
89 58 56
89 59 24
89 60 8
89 62 49
89 63 6
89 64 70
89 65 96
89 66 64
89 67 56
89 68 39
89 69 17
89 70 36
89 71 3
89 72 69
89 73 48
89 74 98
89 75 82
89 76 49
89 77 42
89 78 97
89 79 76
89 80 32
89 81 81
89 82 84
89 83 76
89 84 16
89 85 68
89 86 68
89 87 33
89 88 74
89 90 19
89 91 45
89 92 85
89 93 38
89 94 67
89 95 21
89 96 57
89 97 42
89 99 68
90 0 18
90 2 26
90 3 44
90 4 64
90 5 93
90 6 13
90 7 69
90 8 60
90 9 78
90 10 67
90 11 81
90 12 91
90 13 1
90 14 37
90 15 89
90 16 81
90 17 54
90 18 10
90 19 61
90 20 22
90 21 56
90 22 92
90 23 6
90 24 77
90 25 35
90 26 44
90 27 20
90 28 66
90 29 87
90 30 17
90 31 9
90 32 41
90 33 38
90 34 40
90 35 38
90 36 16
90 37 66
90 38 20
90 39 36
90 40 10
90 41 71
90 42 100
90 43 59
90 44 38
90 45 100
90 46 2
90 47 8
90 48 68
90 49 74
90 50 65
90 51 76
90 52 94
90 53 79
90 54 24
90 55 32
90 56 72
90 57 32
90 58 88
90 59 2
90 60 24
90 61 33
90 62 77
90 63 54
90 64 36
90 65 90
90 66 89
90 67 4
90 68 53
90 70 87
90 71 10
90 72 71
90 73 36
90 74 3
90 75 97
90 76 38
90 77 3
90 78 28
90 79 3
90 80 73
90 81 26
90 82 91
90 83 92
90 84 53
90 85 56
90 86 66
90 87 32
90 88 35
90 89 72
90 91 55
90 92 59
90 93 74
90 94 52
90 95 23
90 96 88
90 97 13
90 98 75
90 99 85
91 0 98
91 1 49
91 2 48
91 3 29
91 4 88
91 5 100
91 6 87
91 7 2
91 8 2
91 9 62
91 10 49
91 11 81
91 12 62
91 13 13
91 14 73
91 15 62
91 16 96
91 17 75
91 18 37
91 19 23
91 20 35
91 21 5
91 22 34
91 23 24
91 24 100
91 25 12
91 26 20
91 27 28
91 28 13
91 29 23
91 30 76
91 31 67
91 32 71
91 33 72
91 34 11
91 35 47
91 36 46
91 37 24
91 38 5
91 39 75
91 40 29
91 41 39
91 42 48
91 43 38
91 44 6
91 45 78
91 46 45
91 47 42
91 48 56
91 49 25
91 50 28
91 51 31
91 52 11
91 53 1
91 54 47
91 55 65
91 56 43
91 57 30
91 58 57
91 59 77
91 60 5
91 61 74
91 62 54
91 63 44
91 64 30
91 65 28
91 66 39
91 67 99
91 68 92
91 69 22
91 70 26
91 71 62
91 72 4
91 73 96
91 74 15
91 75 41
91 76 53
91 77 96
91 78 10
91 79 43
91 80 14
91 81 51
91 82 88
91 83 26
91 84 59
91 85 56
91 86 48
91 87 35
91 88 2
91 89 72
91 90 70
91 92 21
91 93 66
91 94 22
91 95 55
91 96 35
91 97 79
91 98 7
91 99 11
92 0 71
92 1 47
92 2 31
92 3 31
92 4 1
92 5 96
92 6 86
92 7 97
92 8 66
92 9 39
92 10 18
92 11 83
92 12 43
92 13 76
92 14 78
92 15 48
92 16 16
92 17 82
92 18 60
92 19 39
92 20 97
92 21 61
92 22 56
92 24 65
92 25 33
92 26 62
92 27 57
92 28 60
92 29 36
92 30 25
92 31 32
92 32 14
92 33 41
92 34 80
92 35 97
92 36 15
92 37 80
92 38 60
92 39 7
92 40 3
92 41 80
92 42 46
92 43 9
92 44 48
92 45 57
92 46 40
92 47 65
92 48 44
92 49 30
92 50 78
92 52 3
92 53 19
92 54 51
92 55 30
92 56 81
92 57 63
92 58 22
92 59 34
92 60 3
92 61 94
92 62 25
92 63 66
92 64 38
92 65 45
92 66 8
92 67 2
92 68 10
92 69 18
92 70 42
92 71 32
92 72 85
92 73 100
92 74 95
92 75 61
92 76 71
92 77 25
92 78 62
92 79 95
92 80 5
92 81 5
92 82 40
92 83 35
92 84 71
92 85 53
92 86 63
92 87 22
92 88 72
92 89 1
92 90 5
92 91 80
92 93 97
92 94 95
92 95 83
92 96 91
92 97 38
92 98 65
92 99 58
93 0 31
93 1 67
93 2 37
93 3 60
93 4 67
93 5 65
93 6 93
93 7 74
93 8 33
93 9 55
93 10 76
93 11 18
93 12 78
93 13 51
93 14 59
93 15 71
93 16 36
93 17 37
93 18 94
93 19 1
93 20 99
93 21 76
93 22 11
93 23 100
93 24 58
93 25 3
93 26 49
93 27 3
93 28 18
93 29 13
93 30 10
93 31 51
93 32 12
93 33 10
93 34 23
93 35 47
93 36 94
93 37 23
93 38 43
93 39 63
93 40 63
93 41 40
93 42 64
93 43 28
93 44 36
93 45 19
93 46 78
93 47 11
93 48 9
93 49 73
93 50 39
93 51 83
93 52 56
93 53 39
93 54 31
93 55 65
93 57 18
93 58 83
93 59 54
93 60 86
93 61 55
93 62 92
93 63 86
93 64 59
93 65 46
93 66 64
93 67 88
93 68 96
93 69 28
93 70 47
93 71 41
93 72 58
93 73 14
93 74 29
93 75 19
93 76 79
93 77 9
93 78 41
93 79 44
93 80 99
93 81 86
93 82 3
93 83 50
93 84 51
93 85 39
93 86 10
93 87 88
93 88 10
93 89 82
93 90 92
93 91 6
93 92 3
93 94 56
93 95 79
93 96 74
93 97 32
93 98 47
93 99 13
94 0 97
94 1 1
94 2 76
94 3 89
94 4 30
94 5 58
94 6 83
94 7 84
94 8 45
94 9 51
94 10 37
94 11 38
94 12 33
94 13 100
94 14 31
94 15 37
94 16 63
94 17 63
94 18 22
94 19 82
94 20 90
94 21 49
94 22 81
94 23 37
94 24 63
94 25 41
94 26 19
94 27 46
94 28 26
94 29 65
94 30 88
94 31 29
94 32 74
94 33 78
94 34 54
94 35 12
94 36 35
94 37 96
94 38 5
94 39 76
94 40 80
94 41 87
94 42 94
94 43 70
94 44 94
94 45 48
94 46 46
94 47 75
94 48 62
94 49 95
94 50 43
94 51 12
94 52 95
94 53 8
94 54 55
94 55 93
94 56 52
94 57 21
94 58 69
94 59 83
94 60 62
94 61 83
94 62 28
94 63 97
94 64 89
94 65 19
94 66 7
94 67 8
94 68 53
94 69 99
94 70 88
94 71 14
94 72 20
94 73 77
94 74 5
94 75 57
94 76 65
94 77 17
94 78 41
94 79 16
94 80 61
94 81 65
94 82 8
94 83 79
94 84 52
94 85 96
94 86 30
94 87 73
94 88 72
94 89 49
94 90 13
94 91 44
94 92 21
94 93 46
94 95 42
94 96 48
94 97 55
94 98 13
94 99 61
95 0 78
95 1 58
95 2 72
95 3 98
95 4 55
95 5 23
95 6 42
95 7 1
95 8 6
95 9 34
95 10 18
95 11 76
95 12 55
95 13 15
95 14 44
95 15 71
95 16 96
95 17 46
95 18 100
95 19 25
95 20 77
95 21 82
95 22 34
95 23 84
95 24 94
95 25 15
95 26 90
95 27 57
95 28 90
95 29 50
95 30 65
95 31 55
95 32 13
95 33 52
95 34 33
95 35 22
95 36 80
95 37 77
95 38 42
95 39 41
95 40 32
95 41 85
95 43 59
95 44 25
95 45 48
95 46 49
95 47 55
95 48 53
95 49 44
95 50 36
95 51 80
95 52 66
95 53 43
95 54 2
95 55 93
95 56 91
95 57 85
95 58 65
95 59 33
95 60 9
95 61 61
95 62 1
95 63 37
95 64 31
95 65 84
95 66 30
95 67 74
95 68 25
95 69 64
95 70 50
95 71 14
95 72 66
95 73 88
95 74 3
95 75 68
95 76 9
95 77 63
95 78 25
95 79 85
95 80 80
95 81 59
95 82 53
95 83 95
95 84 35
95 85 99
95 86 84
95 87 65
95 88 75
95 89 42
95 90 5
95 91 9
95 92 78
95 93 93
95 94 39
95 96 4
95 97 45
95 98 58
95 99 44
96 0 2
96 1 11
96 2 65
96 3 77
96 4 2
96 5 36
96 6 18
96 7 77
96 8 67
96 9 99
96 10 7
96 11 66
96 12 10
96 13 80
96 14 9
96 15 80
96 16 48
96 17 2
96 18 7
96 19 40
96 20 52
96 21 10
96 22 85
96 23 53
96 24 87
96 25 31
96 26 70
96 27 73
96 28 45
96 29 59
96 30 70
96 31 80
96 32 99
96 33 8
96 34 48
96 35 86
96 36 14
96 37 5
96 38 45
96 39 76
96 40 10
96 41 50
96 42 83
96 43 100
96 44 68
96 45 30
96 46 57
96 47 74
96 48 59
96 49 82
96 50 33
96 51 75
96 52 52
96 53 96
96 54 90
96 55 50
96 56 39
96 57 6
96 58 92
96 59 6
96 60 34
96 61 94
96 62 37
96 63 87
96 64 55
96 65 43
96 66 25
96 67 71
96 68 81
96 69 4
96 70 17
96 71 71
96 72 83
96 73 91
96 74 91
96 75 81
96 76 59
96 77 17
96 78 83
96 79 20
96 80 45
96 81 95
96 82 80
96 83 72
96 84 24
96 85 59
96 86 17
96 87 79
96 88 65
96 89 69
96 90 66
96 91 16
96 92 26
96 93 88
96 94 29
96 95 52
96 97 79
96 98 88
96 99 48
97 0 46
97 1 76
97 2 36
97 3 44
97 4 51
97 5 34
97 6 43
97 7 48
97 8 20
97 9 29
97 10 30
97 11 5
97 12 35
97 13 2
97 14 68
97 15 41
97 16 57
97 17 10
97 18 78
97 19 67
97 20 35
97 21 43
97 22 54
97 23 28
97 24 46
97 25 61
97 26 55
97 27 48
97 28 95
97 29 16
97 30 48
97 31 89
97 32 18
97 33 57
97 34 65
97 35 28
97 36 77
97 37 16
97 38 32
97 39 98
97 40 2
97 41 90
97 42 50
97 43 42
97 44 97
97 45 45
97 46 98
97 47 54
97 48 59
97 49 30
97 50 10
97 51 7
97 52 55
97 53 99
97 54 45
97 55 84
97 56 4
97 57 9
97 58 28
97 59 16
97 60 90
97 61 73
97 62 44
97 63 49
97 64 50
97 65 12
97 66 6
97 67 16
97 68 37
97 69 88
97 70 35
97 71 10
97 72 28
97 73 39
97 74 13
97 75 99
97 76 1
97 77 73
97 78 16
97 79 61
97 80 6
97 81 30
97 82 85
97 83 35
97 84 16
97 85 38
97 86 77
97 87 20
97 88 14
97 89 34
97 90 4
97 91 69
97 92 50
97 93 81
97 94 27
97 95 78
97 96 51
97 98 80
97 99 13
98 0 36
98 1 4
98 2 78
98 3 35
98 4 44
98 5 63
98 6 60
98 7 34
98 8 80
98 9 86
98 10 33
98 11 64
98 12 31
98 13 19
98 14 18
98 15 90
98 16 38
98 17 86
98 18 37
98 19 64
98 20 14
98 21 96
98 22 26
98 23 44
98 24 63
98 25 43
98 26 87
98 27 67
98 28 84
98 29 74
98 30 72
98 31 19
98 32 66
98 33 71
98 34 13
98 35 2
98 36 60
98 37 38
98 38 49
98 39 17
98 40 14
98 41 26
98 42 90
98 43 69
98 44 100
98 45 15
98 46 81
98 47 62
98 48 73
98 49 29
98 50 83
98 51 97
98 52 67
98 53 56
98 54 35
98 55 58
98 56 74
98 57 88
98 58 85
98 59 17
98 60 64
98 61 56
98 62 27
98 63 62
98 64 59
98 65 87
98 66 9
98 67 28
98 68 74
98 69 41
98 70 29
98 71 99
98 72 77
98 73 47
98 74 3
98 75 95
98 76 30
98 77 42
98 78 87
98 79 20
98 80 9
98 81 58
98 82 56
98 83 86
98 84 45
98 85 43
98 86 81
98 87 72
98 88 86
98 89 30
98 90 2
98 91 54
98 92 90
98 93 78
98 94 52
98 95 86
98 96 94
98 97 55
98 99 70
99 0 20
99 1 93
99 2 58
99 3 86
99 4 63
99 5 51
99 6 31
99 7 23
99 8 84
99 9 60
99 10 37
99 11 8
99 12 72
99 13 13
99 14 93
99 15 25
99 16 33
99 17 51
99 18 26
99 19 81
99 20 62
99 21 31
99 22 14
99 23 1
99 24 61
99 25 24
99 26 50
99 27 42
99 28 93
99 29 66
99 30 22
99 31 59
99 32 32
99 33 92
99 34 79
99 35 86
99 36 81
99 37 22
99 38 79
99 39 41
99 40 52
99 41 88
99 42 72
99 43 7
99 44 61
99 45 59
99 46 43
99 47 11
99 48 20
99 49 19
99 50 10
99 51 94
99 52 64
99 53 16
99 54 37
99 55 48
99 56 72
99 57 95
99 58 71
99 59 74
99 60 81
99 61 64
99 62 96
99 63 46
99 64 3
99 65 84
99 66 93
99 67 88
99 68 65
99 69 57
99 70 59
99 71 26
99 72 63
99 73 51
99 74 33
99 75 53
99 76 83
99 77 40
99 78 65
99 79 27
99 80 50
99 81 70
99 82 33
99 83 34
99 84 73
99 85 10
99 86 96
99 87 65
99 88 97
99 89 29
99 90 57
99 91 40
99 92 75
99 93 8
99 94 30
99 95 22
99 96 11
99 97 95
99 98 81
