20
0 1 24
0 2 98
0 3 49
0 4 84
0 5 93
0 6 93
0 7 74
0 8 64
0 9 6
0 10 34
0 11 28
0 12 79
0 13 42
0 14 58
0 15 56
0 16 7
0 17 89
0 18 34
0 19 84
1 0 84
1 2 66
1 3 9
1 4 38
1 5 93
1 6 79
1 7 23
1 8 29
1 9 99
1 10 90
1 11 8
1 12 49
1 13 7
1 14 91
1 15 96
1 16 4
1 17 66
1 18 68
1 19 89
2 0 15
2 1 3
2 3 5
2 4 34
2 5 70
2 6 33
2 7 84
2 8 68
2 9 64
2 10 64
2 11 13
2 12 70
2 13 64
2 14 94
2 15 81
2 16 52
2 17 75
2 18 88
2 19 59
3 0 92
3 1 59
3 2 2
3 4 86
3 5 46
3 6 76
3 7 32
3 8 100
3 9 99
3 10 57
3 12 67
3 13 64
3 14 62
3 15 78
3 16 36
3 17 88
3 18 15
3 19 22
4 0 41
4 1 48
4 2 62
4 3 20
4 5 98
4 6 24
4 7 95
4 8 80
4 9 92
4 10 33
4 11 40
4 12 81
4 13 44
4 14 32
4 15 63
4 16 39
4 17 59
4 18 90
4 19 98
5 0 22
5 1 99
5 2 5
5 3 42
5 4 29
5 6 63
5 7 25
5 8 16
5 9 76
5 10 13
5 11 38
5 12 99
5 13 41
5 14 16
5 15 52
5 16 92
5 17 42
5 18 86
5 19 32
6 0 40
6 1 15
6 2 95
6 3 72
6 4 2
6 5 13
6 7 44
6 8 25
6 9 54
6 10 53
6 11 27
6 12 94
6 13 78
6 14 20
6 15 2
6 16 61
6 17 41
6 18 17
6 19 47
7 0 95
7 1 69
7 2 90
7 3 91
7 4 48
7 5 87
7 6 20
7 8 75
7 9 67
7 10 91
7 11 72
7 12 39
7 13 50
7 14 10
7 15 76
7 16 36
7 17 72
7 18 31
7 19 14
8 0 66
8 1 26
8 2 64
8 3 81
8 4 99
8 5 11
8 6 39
8 7 13
8 9 73
8 10 30
8 11 6
8 12 45
8 13 11
8 14 19
8 15 49
8 16 84
8 17 11
8 18 9
8 19 79
9 0 4
9 1 72
9 2 49
9 3 14
9 4 76
9 5 72
9 6 16
9 7 55
9 8 46
9 10 92
9 11 37
9 12 24
9 13 17
9 14 52
9 15 37
9 16 36
9 17 63
9 18 59
9 19 11
10 0 35
10 1 95
10 2 32
10 3 17
10 4 82
10 5 8
10 6 60
10 7 35
10 8 54
10 9 11
10 11 95
10 12 72
10 13 90
10 14 87
10 15 5
10 16 100
10 17 71
10 18 95
10 19 17
11 0 34
11 1 87
11 2 37
11 3 100
11 4 22
11 5 69
11 6 15
11 7 79
11 8 58
11 9 52
11 10 82
11 12 98
11 13 94
11 14 17
11 15 5
11 16 1
11 17 60
11 18 65
11 19 45
12 0 18
12 1 52
12 2 12
12 3 14
12 4 37
12 5 59
12 6 2
12 7 79
12 8 33
12 9 67
12 10 67
12 11 3
12 13 29
12 14 86
12 15 83
12 16 34
12 17 38
12 18 83
12 19 93
13 0 83
13 1 92
13 2 30
13 3 10
13 4 30
13 5 100
13 6 55
13 7 18
13 8 81
13 9 65
13 10 6
13 11 26
13 12 20
13 14 30
13 15 51
13 16 23
13 17 95
13 18 64
13 19 88
14 0 39
14 1 18
14 2 21
14 3 30
14 4 4
14 5 75
14 6 31
14 7 65
14 8 80
14 9 44
14 10 65
14 11 77
14 12 32
14 13 61
14 15 8
14 16 12
14 17 61
14 18 44
14 19 23
15 0 3
15 1 22
15 2 38
15 3 10
15 4 50
15 5 57
15 6 10
15 7 98
15 8 81
15 9 89
15 10 77
15 11 6
15 12 11
15 13 75
15 14 34
15 16 97
15 17 29
15 18 68
15 19 76
16 0 41
16 1 78
16 2 47
16 3 22
16 4 48
16 5 91
16 6 67
16 7 53
16 8 80
16 9 82
16 10 31
16 11 48
16 12 8
16 13 5
16 14 46
16 15 4
16 17 54
16 18 43
16 19 72
17 0 78
17 1 2
17 2 94
17 3 55
17 4 11
17 5 23
17 6 88
17 7 63
17 8 24
17 9 94
17 10 7
17 11 39
17 12 34
17 13 99
17 14 4
17 15 18
17 16 31
17 18 100
17 19 75
18 0 21
18 2 49
18 3 92
18 4 24
18 5 12
18 6 58
18 7 11
18 8 94
18 9 12
18 10 99
18 11 50
18 12 70
18 13 91
18 14 85
18 15 25
18 16 73
18 17 5
18 19 8
19 0 98
19 1 58
19 2 18
19 3 49
19 4 60
19 5 95
19 6 95
19 7 8
19 8 2
19 9 32
19 10 15
19 11 22
19 12 33
19 13 36
19 14 40
19 15 22
19 16 74
19 17 79
19 18 10
