200 39432 32 8842 64.277138 
200 39432 32 8842 65.696506 
200 39432 32 8842 64.654886 
200 39432 32 8842 64.329562 
200 39432 32 8842 66.894994 
200 39432 32 8842 64.602025 
200 39432 32 8842 64.828432 
200 39432 32 8842 64.838515 
200 39432 32 8842 64.868022 
200 39432 32 8842 64.173825 
200 39432 48 8842 60.539473 
200 39432 48 8842 61.776470 
200 39432 48 8842 62.126664 
200 39432 48 8842 62.310120 
200 39432 48 8842 60.399855 
200 39432 48 8842 61.034722 
200 39432 48 8842 58.824852 
200 39432 48 8842 59.656699 
200 39432 48 8842 58.790226 
200 39432 48 8842 59.250645 
200 39432 64 8842 58.296227 
200 39432 64 8842 57.590601 
200 39432 64 8842 56.358092 
200 39432 64 8842 56.521415 
200 39432 64 8842 56.514169 
200 39432 64 8842 58.683283 
200 39432 64 8842 58.081369 
200 39432 64 8842 61.139988 
200 39432 64 8842 58.765291 
200 39432 64 8842 65.622293 
200 39432 80 8842 58.385860 
200 39432 80 8842 57.762561 
200 39432 80 8842 55.358735 
200 39432 80 8842 56.100740 
200 39432 80 8842 57.588127 
200 39432 80 8842 54.083677 
200 39432 80 8842 56.113200 
200 39432 80 8842 56.226662 
200 39432 80 8842 55.239516 
200 39432 80 8842 55.640485 
200 39432 96 8842 54.179667 
200 39432 96 8842 54.391948 
200 39432 96 8842 52.769293 
200 39432 96 8842 54.770716 
200 39432 96 8842 55.224946 
200 39432 96 8842 55.364126 
200 39432 96 8842 57.510479 
200 39432 96 8842 54.921490 
200 39432 96 8842 57.060324 
200 39432 96 8842 55.416415 
200 39432 112 8842 55.429716 
200 39432 112 8842 55.195705 
200 39432 112 8842 54.187696 
200 39432 112 8842 55.111816 
200 39432 112 8842 53.846261 
200 39432 112 8842 54.987978 
200 39432 112 8842 55.448533 
200 39432 112 8842 54.962256 
200 39432 112 8842 54.491314 
200 39432 112 8842 53.757892 
200 39432 128 8842 54.600930 
200 39432 128 8842 54.498043 
200 39432 128 8842 54.075850 
200 39432 128 8842 55.300447 
200 39432 128 8842 54.598073 
200 39432 128 8842 53.910779 
200 39432 128 8842 54.622782 
200 39432 128 8842 55.553144 
200 39432 128 8842 56.003084 
200 39432 128 8842 52.391933 
200 39432 144 8842 54.271702 
200 39432 144 8842 54.950537 
200 39432 144 8842 55.442601 
200 39432 144 8842 54.538390 
200 39432 144 8842 56.107527 
200 39432 144 8842 53.765898 
200 39432 144 8842 55.008350 
200 39432 144 8842 54.278782 
200 39432 144 8842 53.186925 
200 39432 144 8842 52.254383 
Job ID           : 39763708
Cluster          : spartan
User/Project     : lingxiao1/punim0520
Nodes            : 1
Wall-clock time  : 01:16:35 / 04:00:00

Displaying overall resources usage from 2022-09-15 19:07:00 to 2022-09-15 20:23:35:

NODE            CPU#        TOT%   ( USR   / SYS   / WIO   / IDLE  ) 

spartan-bm112 : 
                CPU# 1    : 99.3   (  99.2 /   0.1 /   0.0 /   0.7 ) 
                CPU# 2    : 99.6   (  99.6 /   0.0 /   0.0 /   0.4 ) 
                CPU# 3    : 99.5   (  99.5 /   0.1 /   0.0 /   0.5 ) 
                CPU# 4    : 99.6   (  99.6 /   0.0 /   0.0 /   0.4 ) 
                CPU# 5    : 99.5   (  99.4 /   0.0 /   0.0 /   0.5 ) 
                CPU# 6    : 99.6   (  99.6 /   0.1 /   0.0 /   0.4 ) 
                CPU# 7    : 99.6   (  99.6 /   0.0 /   0.0 /   0.4 ) 
                CPU# 8    : 99.5   (  99.5 /   0.0 /   0.0 /   0.5 ) 
                CPU# 9    : 99.4   (  99.3 /   0.0 /   0.0 /   0.6 ) 
                CPU# 10   : 99.8   (  99.7 /   0.1 /   0.0 /   0.2 ) 
                CPU# 11   : 99.5   (  99.4 /   0.1 /   0.0 /   0.5 ) 
                CPU# 12   : 99.8   (  99.7 /   0.0 /   0.0 /   0.2 ) 
                CPU# 13   : 99.7   (  99.7 /   0.0 /   0.0 /   0.3 ) 
                CPU# 14   : 99.8   (  99.8 /   0.0 /   0.0 /   0.2 ) 
                CPU# 15   : 99.8   (  99.7 /   0.0 /   0.0 /   0.2 ) 
                CPU# 16   : 99.8   (  99.8 /   0.0 /   0.0 /   0.2 ) 
                CPU# 17   : 99.8   (  99.8 /   0.0 /   0.0 /   0.2 ) 
                CPU# 18   : 99.8   (  99.8 /   0.0 /   0.0 /   0.2 ) 
                CPU# 19   : 99.7   (  99.7 /   0.0 /   0.0 /   0.3 ) 
                CPU# 20   : 99.7   (  99.7 /   0.0 /   0.0 /   0.3 ) 
                CPU# 21   : 98.4   (  98.3 /   0.1 /   0.0 /   1.6 ) 
                CPU# 22   : 99.7   (  99.7 /   0.0 /   0.0 /   0.3 ) 
                CPU# 23   : 99.7   (  99.7 /   0.0 /   0.0 /   0.3 ) 
                CPU# 24   : 99.7   (  99.7 /   0.0 /   0.0 /   0.3 ) 
                CPU# 25   : 99.7   (  99.7 /   0.0 /   0.0 /   0.3 ) 
                CPU# 26   : 99.7   (  99.7 /   0.0 /   0.0 /   0.3 ) 
                CPU# 27   : 99.7   (  99.7 /   0.0 /   0.0 /   0.3 ) 
                CPU# 28   : 99.7   (  99.7 /   0.0 /   0.0 /   0.3 ) 
                CPU# 29   : 99.7   (  99.7 /   0.0 /   0.0 /   0.3 ) 
                CPU# 30   : 99.7   (  99.7 /   0.0 /   0.0 /   0.3 ) 
                CPU# 31   : 99.4   (  99.3 /   0.0 /   0.0 /   0.6 ) 
                CPU# 32   : 99.4   (  99.3 /   0.0 /   0.0 /   0.6 ) 


Allocated CPUs            : 32   
  CPUs with usage <25%    : 0    
  CPUs with usage <50%    : 0    
  CPUs with usage >50%    : 32   

Memory used (RAM)         : 0.0%  [30MB of 128000MB]

--------------------------------------------

