200 39432 160 8842 54.838141 
200 39432 160 8842 55.385946 
200 39432 160 8842 55.246262 
200 39432 160 8842 55.019569 
200 39432 160 8842 54.907158 
200 39432 160 8842 55.846515 
200 39432 160 8842 56.221915 
200 39432 160 8842 56.174390 
200 39432 160 8842 55.696662 
200 39432 160 8842 55.395907 
200 39432 176 8842 55.244578 
200 39432 176 8842 55.224446 
200 39432 176 8842 55.671769 
200 39432 176 8842 55.815875 
200 39432 176 8842 54.706142 
200 39432 176 8842 55.634333 
200 39432 176 8842 55.054451 
200 39432 176 8842 55.470886 
200 39432 176 8842 55.653732 
200 39432 176 8842 55.821282 
200 39432 192 8842 54.953252 
200 39432 192 8842 55.691924 
200 39432 192 8842 54.953271 
200 39432 192 8842 54.821065 
200 39432 192 8842 54.846945 
200 39432 192 8842 54.573135 
200 39432 192 8842 55.155854 
200 39432 192 8842 55.113324 
200 39432 192 8842 57.052751 
200 39432 192 8842 56.292823 
200 39432 208 8842 54.771598 
200 39432 208 8842 54.968074 
200 39432 208 8842 55.598717 
200 39432 208 8842 55.517014 
200 39432 208 8842 55.118095 
200 39432 208 8842 54.888908 
200 39432 208 8842 54.779634 
200 39432 208 8842 54.710843 
200 39432 208 8842 54.776069 
200 39432 208 8842 54.429793 
200 39432 224 8842 55.358213 
200 39432 224 8842 55.861735 
200 39432 224 8842 55.031576 
200 39432 224 8842 54.644445 
200 39432 224 8842 55.384743 
200 39432 224 8842 54.893589 
200 39432 224 8842 54.842337 
200 39432 224 8842 55.349963 
200 39432 224 8842 54.899555 
200 39432 224 8842 55.392525 
200 39432 240 8842 54.360101 
200 39432 240 8842 54.939238 
200 39432 240 8842 54.446894 
200 39432 240 8842 55.118199 
200 39432 240 8842 54.774308 
200 39432 240 8842 54.787396 
200 39432 240 8842 54.964157 
200 39432 240 8842 55.235230 
200 39432 240 8842 55.434086 
200 39432 240 8842 55.095548 
200 39432 256 8842 54.883986 
200 39432 256 8842 54.633977 
200 39432 256 8842 54.721440 
200 39432 256 8842 54.619027 
200 39432 256 8842 55.559417 
200 39432 256 8842 54.807645 
200 39432 256 8842 55.262959 
200 39432 256 8842 55.065349 
200 39432 256 8842 54.869621 
200 39432 256 8842 54.552936 
Job ID           : 39743027
Cluster          : spartan
User/Project     : lingxiao1/punim0520
Nodes            : 1
Wall-clock time  : 01:04:26 / 04:00:00

Displaying overall resources usage from 2022-09-15 17:05:28 to 2022-09-15 18:09:54:

NODE            CPU#        TOT%   ( USR   / SYS   / WIO   / IDLE  ) 

spartan-bm062 : 
                CPU# 1    : 98.8   (  98.8 /   0.0 /   0.0 /   1.2 ) 
                CPU# 2    : 98.9   (  98.9 /   0.0 /   0.0 /   1.1 ) 
                CPU# 3    : 98.8   (  98.8 /   0.0 /   0.0 /   1.2 ) 
                CPU# 4    : 98.8   (  98.8 /   0.0 /   0.0 /   1.2 ) 
                CPU# 5    : 98.8   (  98.8 /   0.0 /   0.0 /   1.2 ) 
                CPU# 6    : 98.8   (  98.8 /   0.0 /   0.0 /   1.2 ) 
                CPU# 7    : 98.8   (  98.8 /   0.0 /   0.0 /   1.2 ) 
                CPU# 8    : 98.7   (  98.7 /   0.0 /   0.0 /   1.3 ) 
                CPU# 9    : 98.8   (  98.8 /   0.0 /   0.0 /   1.2 ) 
                CPU# 10   : 99.2   (  99.2 /   0.0 /   0.0 /   0.8 ) 
                CPU# 11   : 99.2   (  99.2 /   0.0 /   0.0 /   0.8 ) 
                CPU# 12   : 99.3   (  99.2 /   0.0 /   0.0 /   0.7 ) 
                CPU# 13   : 99.2   (  99.2 /   0.0 /   0.0 /   0.8 ) 
                CPU# 14   : 99.2   (  99.2 /   0.0 /   0.0 /   0.8 ) 
                CPU# 15   : 99.2   (  99.2 /   0.0 /   0.0 /   0.8 ) 
                CPU# 16   : 99.2   (  99.2 /   0.0 /   0.0 /   0.8 ) 
                CPU# 17   : 99.3   (  99.2 /   0.0 /   0.0 /   0.7 ) 
                CPU# 18   : 99.3   (  99.2 /   0.0 /   0.0 /   0.7 ) 
                CPU# 19   : 99.2   (  99.2 /   0.0 /   0.0 /   0.8 ) 
                CPU# 20   : 99.2   (  99.2 /   0.0 /   0.0 /   0.8 ) 
                CPU# 21   : 99.2   (  99.2 /   0.0 /   0.0 /   0.8 ) 
                CPU# 22   : 99.2   (  99.2 /   0.0 /   0.0 /   0.8 ) 
                CPU# 23   : 98.9   (  98.9 /   0.0 /   0.0 /   1.1 ) 
                CPU# 24   : 99.0   (  98.9 /   0.0 /   0.0 /   1.0 ) 
                CPU# 25   : 99.0   (  98.9 /   0.0 /   0.0 /   1.0 ) 
                CPU# 26   : 98.9   (  98.9 /   0.0 /   0.0 /   1.1 ) 
                CPU# 27   : 98.8   (  98.8 /   0.0 /   0.0 /   1.2 ) 
                CPU# 28   : 98.8   (  98.8 /   0.0 /   0.0 /   1.2 ) 
                CPU# 29   : 98.9   (  98.8 /   0.0 /   0.0 /   1.1 ) 
                CPU# 30   : 98.9   (  98.8 /   0.0 /   0.0 /   1.1 ) 
                CPU# 31   : 98.9   (  98.8 /   0.0 /   0.0 /   1.1 ) 
                CPU# 32   : 98.9   (  98.8 /   0.0 /   0.0 /   1.1 ) 


Allocated CPUs            : 32   
  CPUs with usage <25%    : 0    
  CPUs with usage <50%    : 0    
  CPUs with usage >50%    : 32   

Memory used (RAM)         : 0.0%  [52MB of 128000MB]

--------------------------------------------

