10 89 64 319 0.002890 
10 89 64 319 0.002029 
10 89 64 319 0.002121 
10 89 64 319 0.001892 
10 89 64 319 0.001741 
10 89 64 319 0.001744 
10 89 64 319 0.001725 
10 89 64 319 0.002352 
10 89 64 319 0.001986 
10 89 64 319 0.001762 
20 378 64 635 0.008100 
20 378 64 635 0.009345 
20 378 64 635 0.007672 
20 378 64 635 0.009008 
20 378 64 635 0.007066 
20 378 64 635 0.012763 
20 378 64 635 0.008916 
20 378 64 635 0.008457 
20 378 64 635 0.007821 
20 378 64 635 0.006805 
30 860 64 1041 0.039921 
30 860 64 1041 0.041854 
30 860 64 1041 0.023823 
30 860 64 1041 0.041243 
30 860 64 1041 0.027313 
30 860 64 1041 0.040208 
30 860 64 1041 0.032967 
30 860 64 1041 0.037233 
30 860 64 1041 0.024948 
30 860 64 1041 0.040555 
40 1546 64 1553 0.074432 
40 1546 64 1553 0.117876 
40 1546 64 1553 0.074097 
40 1546 64 1553 0.086315 
40 1546 64 1553 0.134022 
40 1546 64 1553 0.081321 
40 1546 64 1553 0.089810 
40 1546 64 1553 0.132837 
40 1546 64 1553 0.140837 
40 1546 64 1553 0.127873 
50 2424 64 1787 0.254244 
50 2424 64 1787 0.260259 
50 2424 64 1787 0.156401 
50 2424 64 1787 0.279282 
50 2424 64 1787 0.167399 
50 2424 64 1787 0.111926 
50 2424 64 1787 0.322049 
50 2424 64 1787 0.161634 
50 2424 64 1787 0.318720 
50 2424 64 1787 0.143464 
60 3510 64 2543 0.315307 
60 3510 64 2543 0.584194 
60 3510 64 2543 0.357182 
60 3510 64 2543 0.551711 
60 3510 64 2543 0.266965 
60 3510 64 2543 0.633746 
60 3510 64 2543 0.392743 
60 3510 64 2543 0.564923 
60 3510 64 2543 0.291097 
60 3510 64 2543 0.506943 
70 4789 64 2554 0.660528 
70 4789 64 2554 0.831299 
70 4789 64 2554 0.972934 
70 4789 64 2554 0.851992 
70 4789 64 2554 0.486691 
70 4789 64 2554 0.654660 
70 4789 64 2554 1.059245 
70 4789 64 2554 0.969554 
70 4789 64 2554 0.501616 
70 4789 64 2554 0.721800 
80 6255 64 3226 1.393370 
80 6255 64 3226 0.999060 
80 6255 64 3226 1.069644 
80 6255 64 3226 0.922515 
80 6255 64 3226 0.759755 
80 6255 64 3226 1.196169 
80 6255 64 3226 0.846632 
80 6255 64 3226 1.674921 
80 6255 64 3226 1.104092 
80 6255 64 3226 1.067817 
90 7927 64 3678 1.720172 
90 7927 64 3678 2.088928 
90 7927 64 3678 1.764579 
90 7927 64 3678 1.639946 
90 7927 64 3678 1.708526 
90 7927 64 3678 2.122664 
90 7927 64 3678 1.790640 
90 7927 64 3678 1.940982 
90 7927 64 3678 1.515426 
90 7927 64 3678 1.371193 
100 9795 64 4274 3.129149 
100 9795 64 4274 2.557080 
100 9795 64 4274 2.293597 
100 9795 64 4274 2.544090 
100 9795 64 4274 2.096578 
100 9795 64 4274 2.227769 
100 9795 64 4274 2.095209 
100 9795 64 4274 2.391985 
100 9795 64 4274 2.604063 
100 9795 64 4274 2.973210 
110 11860 64 4600 4.520830 
110 11860 64 4600 3.556961 
110 11860 64 4600 5.160289 
110 11860 64 4600 4.503346 
110 11860 64 4600 3.455257 
110 11860 64 4600 4.363873 
110 11860 64 4600 3.201903 
110 11860 64 4600 4.450744 
110 11860 64 4600 4.587856 
110 11860 64 4600 3.541734 
120 14132 64 5129 6.427463 
120 14132 64 5129 5.707930 
120 14132 64 5129 5.345069 
120 14132 64 5129 5.376438 
120 14132 64 5129 6.476163 
120 14132 64 5129 5.867030 
120 14132 64 5129 5.332985 
120 14132 64 5129 5.042189 
120 14132 64 5129 5.355589 
120 14132 64 5129 6.911914 
130 16584 64 5651 7.789374 
130 16584 64 5651 9.319439 
130 16584 64 5651 7.579024 
130 16584 64 5651 7.312852 
130 16584 64 5651 9.091152 
130 16584 64 5651 7.652618 
130 16584 64 5651 9.540348 
130 16584 64 5651 8.940351 
130 16584 64 5651 6.730927 
130 16584 64 5651 7.395134 
140 19277 64 5943 12.681890 
140 19277 64 5943 9.496791 
140 19277 64 5943 9.820773 
140 19277 64 5943 10.116642 
140 19277 64 5943 9.914496 
140 19277 64 5943 9.997302 
140 19277 64 5943 9.995841 
140 19277 64 5943 12.800517 
140 19277 64 5943 12.431825 
140 19277 64 5943 10.447736 
150 22121 64 6511 16.943982 
150 22121 64 6511 14.238027 
150 22121 64 6511 13.748353 
150 22121 64 6511 13.324981 
150 22121 64 6511 19.411284 
150 22121 64 6511 14.662244 
150 22121 64 6511 13.998384 
150 22121 64 6511 13.851634 
150 22121 64 6511 13.975036 
150 22121 64 6511 14.065520 
160 25245 64 6840 24.024971 
160 25245 64 6840 19.587053 
160 25245 64 6840 19.132463 
160 25245 64 6840 20.604420 
160 25245 64 6840 20.092414 
160 25245 64 6840 23.491213 
160 25245 64 6840 23.153595 
160 25245 64 6840 19.690087 
160 25245 64 6840 20.173928 
160 25245 64 6840 24.453541 
170 28423 64 7392 31.440030 
170 28423 64 7392 26.499857 
170 28423 64 7392 29.111651 
170 28423 64 7392 26.822261 
170 28423 64 7392 27.008562 
170 28423 64 7392 30.712850 
170 28423 64 7392 30.712130 
170 28423 64 7392 31.102324 
170 28423 64 7392 28.244353 
170 28423 64 7392 30.854027 
180 31914 64 7941 32.122525 
180 31914 64 7941 32.307828 
180 31914 64 7941 32.666237 
180 31914 64 7941 39.892977 
180 31914 64 7941 40.187536 
180 31914 64 7941 32.150808 
180 31914 64 7941 35.196221 
180 31914 64 7941 34.862383 
180 31914 64 7941 34.722345 
180 31914 64 7941 36.759692 
190 35522 64 8430 44.676660 
190 35522 64 8430 41.870937 
190 35522 64 8430 49.322461 
190 35522 64 8430 49.480674 
190 35522 64 8430 50.516758 
190 35522 64 8430 45.252383 
190 35522 64 8430 46.521961 
190 35522 64 8430 41.717679 
190 35522 64 8430 44.943888 
190 35522 64 8430 43.715192 
200 39432 64 8842 54.118529 
200 39432 64 8842 56.784788 
200 39432 64 8842 55.045750 
200 39432 64 8842 54.469037 
200 39432 64 8842 57.134923 
200 39432 64 8842 56.847827 
200 39432 64 8842 58.686430 
200 39432 64 8842 55.388977 
200 39432 64 8842 53.111610 
200 39432 64 8842 57.138505 
Job ID           : 39804926
Cluster          : spartan
User/Project     : lingxiao1/punim0520
Nodes            : 1
Wall-clock time  : 00:39:45 / 1-06:00:00

Displaying overall resources usage from 2022-09-16 14:41:33 to 2022-09-16 15:21:18:

NODE            CPU#        TOT%   ( USR   / SYS   / WIO   / IDLE  ) 

spartan-bm001 : 
                CPU# 1    : 93.2   (  93.0 /   0.1 /   0.0 /   6.8 ) 
                CPU# 2    : 92.9   (  92.8 /   0.0 /   0.0 /   7.1 ) 
                CPU# 3    : 94.4   (  94.4 /   0.0 /   0.0 /   5.6 ) 
                CPU# 4    : 94.1   (  94.1 /   0.0 /   0.0 /   5.9 ) 
                CPU# 5    : 95.1   (  95.1 /   0.0 /   0.0 /   4.9 ) 
                CPU# 6    : 94.5   (  94.4 /   0.0 /   0.0 /   5.5 ) 
                CPU# 7    : 94.4   (  94.4 /   0.0 /   0.0 /   5.6 ) 
                CPU# 8    : 94.6   (  94.5 /   0.0 /   0.0 /   5.4 ) 
                CPU# 9    : 95.0   (  94.9 /   0.1 /   0.0 /   5.0 ) 
                CPU# 10   : 94.3   (  94.2 /   0.0 /   0.0 /   5.7 ) 
                CPU# 11   : 94.5   (  94.5 /   0.0 /   0.0 /   5.5 ) 
                CPU# 12   : 94.6   (  94.6 /   0.0 /   0.0 /   5.4 ) 
                CPU# 13   : 97.5   (  97.3 /   0.2 /   0.0 /   2.5 ) 
                CPU# 14   : 97.6   (  97.5 /   0.1 /   0.0 /   2.4 ) 
                CPU# 15   : 97.4   (  97.4 /   0.0 /   0.0 /   2.6 ) 
                CPU# 16   : 97.4   (  97.4 /   0.0 /   0.0 /   2.6 ) 
                CPU# 17   : 97.5   (  97.5 /   0.0 /   0.0 /   2.5 ) 
                CPU# 18   : 97.4   (  97.4 /   0.0 /   0.0 /   2.6 ) 
                CPU# 19   : 97.3   (  97.3 /   0.0 /   0.0 /   2.7 ) 
                CPU# 20   : 97.3   (  97.3 /   0.0 /   0.0 /   2.7 ) 
                CPU# 21   : 97.2   (  97.2 /   0.0 /   0.0 /   2.8 ) 
                CPU# 22   : 97.2   (  97.2 /   0.0 /   0.0 /   2.8 ) 
                CPU# 23   : 97.0   (  97.0 /   0.0 /   0.0 /   3.0 ) 
                CPU# 24   : 97.1   (  97.1 /   0.0 /   0.0 /   2.9 ) 
                CPU# 25   : 99.2   (  99.2 /   0.1 /   0.0 /   0.8 ) 
                CPU# 26   : 99.2   (  99.2 /   0.1 /   0.0 /   0.8 ) 
                CPU# 27   : 99.2   (  99.1 /   0.0 /   0.0 /   0.8 ) 
                CPU# 28   : 99.2   (  99.2 /   0.1 /   0.0 /   0.8 ) 
                CPU# 29   : 99.2   (  99.2 /   0.0 /   0.0 /   0.8 ) 
                CPU# 30   : 99.2   (  99.1 /   0.0 /   0.0 /   0.8 ) 
                CPU# 31   : 99.2   (  99.1 /   0.0 /   0.0 /   0.8 ) 
                CPU# 32   : 99.2   (  99.1 /   0.0 /   0.0 /   0.8 ) 


Allocated CPUs            : 32   
  CPUs with usage <25%    : 0    
  CPUs with usage <50%    : 0    
  CPUs with usage >50%    : 32   

Memory used (RAM)         : 0.0%  [13MB of 128000MB]

--------------------------------------------

