200 39432 10 8842 185.881897 
200 39432 10 8842 189.024041 
200 39432 10 8842 188.060050 
200 39432 10 8842 188.405063 
200 39432 10 8842 190.757431 
200 39432 10 8842 191.854761 
200 39432 10 8842 189.366623 
200 39432 10 8842 188.716018 
200 39432 10 8842 186.332697 
200 39432 10 8842 188.390843 
200 39432 12 8842 184.533885 
200 39432 12 8842 183.455880 
200 39432 12 8842 183.797519 
200 39432 12 8842 185.167505 
200 39432 12 8842 188.767745 
200 39432 12 8842 180.978723 
200 39432 12 8842 190.250059 
200 39432 12 8842 190.649598 
200 39432 12 8842 188.782489 
200 39432 12 8842 187.433570 
200 39432 14 8842 179.397980 
200 39432 14 8842 185.784754 
200 39432 14 8842 182.858439 
200 39432 14 8842 180.967854 
200 39432 14 8842 179.352992 
200 39432 14 8842 173.619007 
200 39432 14 8842 178.227232 
200 39432 14 8842 175.219093 
200 39432 14 8842 178.191149 
200 39432 14 8842 175.455271 
200 39432 16 8842 177.346369 
200 39432 16 8842 175.078981 
200 39432 16 8842 179.893069 
200 39432 16 8842 179.791900 
200 39432 16 8842 175.638187 
200 39432 16 8842 173.117004 
200 39432 16 8842 183.657717 
200 39432 16 8842 182.129720 
200 39432 16 8842 177.152215 
200 39432 16 8842 187.075546 
200 39432 18 8842 173.691812 
200 39432 18 8842 172.215146 
200 39432 18 8842 178.220761 
200 39432 18 8842 172.496077 
200 39432 18 8842 177.141491 
200 39432 18 8842 174.399418 
200 39432 18 8842 173.723672 
200 39432 18 8842 177.209703 
200 39432 18 8842 172.768018 
200 39432 18 8842 172.456532 
200 39432 20 8842 171.705384 
200 39432 20 8842 175.252437 
200 39432 20 8842 172.028565 
200 39432 20 8842 174.603303 
200 39432 20 8842 170.958841 
200 39432 20 8842 174.886165 
200 39432 20 8842 174.535439 
200 39432 20 8842 172.199094 
200 39432 20 8842 179.716591 
200 39432 20 8842 175.034609 
Job ID           : 39701615
Cluster          : spartan
User/Project     : lingxiao1/punim0520
Nodes            : 1
Wall-clock time  : 03:00:19 / 04:00:00

Displaying overall resources usage from 2022-09-14 21:13:24 to 2022-09-15 00:13:43:

NODE            CPU#        TOT%   ( USR   / SYS   / WIO   / IDLE  ) 

spartan-bm013 : 
                CPU# 1    : 99.6   (  99.6 /   0.0 /   0.0 /   0.4 ) 
                CPU# 2    : 99.8   (  99.8 /   0.0 /   0.0 /   0.2 ) 
                CPU# 3    : 99.8   (  99.8 /   0.0 /   0.0 /   0.2 ) 
                CPU# 4    : 99.8   (  99.7 /   0.0 /   0.0 /   0.2 ) 
                CPU# 5    : 99.7   (  99.7 /   0.0 /   0.0 /   0.3 ) 
                CPU# 6    : 99.7   (  99.7 /   0.0 /   0.0 /   0.3 ) 
                CPU# 7    : 99.7   (  99.7 /   0.0 /   0.0 /   0.3 ) 
                CPU# 8    : 99.7   (  99.7 /   0.0 /   0.0 /   0.3 ) 
                CPU# 9    : 99.6   (  99.6 /   0.0 /   0.0 /   0.4 ) 
                CPU# 10   : 99.7   (  99.7 /   0.0 /   0.0 /   0.3 ) 


Allocated CPUs            : 10   
  CPUs with usage <25%    : 0    
  CPUs with usage <50%    : 0    
  CPUs with usage >50%    : 10   

Memory used (RAM)         : 0.0%  [6MB of 40000MB]

--------------------------------------------

