10 89 1 319 0.000995 
10 89 1 319 0.001011 
10 89 1 319 0.000991 
10 89 1 319 0.000995 
10 89 1 319 0.000993 
10 89 1 319 0.001022 
10 89 1 319 0.001022 
10 89 1 319 0.001040 
10 89 1 319 0.000995 
10 89 1 319 0.000999 
20 378 1 635 0.029048 
20 378 1 635 0.026962 
20 378 1 635 0.027213 
20 378 1 635 0.027274 
20 378 1 635 0.027390 
20 378 1 635 0.026986 
20 378 1 635 0.027115 
20 378 1 635 0.027271 
20 378 1 635 0.027296 
20 378 1 635 0.027087 
30 860 1 1041 0.199010 
30 860 1 1041 0.190772 
30 860 1 1041 0.192433 
30 860 1 1041 0.191313 
30 860 1 1041 0.191354 
30 860 1 1041 0.195832 
30 860 1 1041 0.187792 
30 860 1 1041 0.190729 
30 860 1 1041 0.194184 
30 860 1 1041 0.191289 
40 1546 1 1553 0.733847 
40 1546 1 1553 0.751491 
40 1546 1 1553 0.734153 
40 1546 1 1553 0.735528 
40 1546 1 1553 0.731999 
40 1546 1 1553 0.737415 
40 1546 1 1553 0.731223 
40 1546 1 1553 0.730538 
40 1546 1 1553 0.729192 
40 1546 1 1553 0.733126 
50 2424 1 1787 2.138651 
50 2424 1 1787 2.157584 
50 2424 1 1787 2.140269 
50 2424 1 1787 2.177895 
50 2424 1 1787 2.126302 
50 2424 1 1787 2.148826 
50 2424 1 1787 2.141390 
50 2424 1 1787 2.143234 
50 2424 1 1787 2.266519 
50 2424 1 1787 2.145564 
60 3510 1 2543 4.904568 
60 3510 1 2543 4.894822 
60 3510 1 2543 4.896489 
60 3510 1 2543 4.891277 
60 3510 1 2543 4.900755 
60 3510 1 2543 4.890318 
60 3510 1 2543 4.895043 
60 3510 1 2543 4.893262 
60 3510 1 2543 4.879049 
60 3510 1 2543 4.896779 
70 4789 1 2554 10.243996 
70 4789 1 2554 10.156114 
70 4789 1 2554 10.139701 
70 4789 1 2554 10.202117 
70 4789 1 2554 10.232632 
70 4789 1 2554 10.166295 
70 4789 1 2554 10.243792 
70 4789 1 2554 10.279640 
70 4789 1 2554 10.235963 
70 4789 1 2554 10.275129 
80 6255 1 3226 19.794897 
80 6255 1 3226 19.855163 
80 6255 1 3226 19.784898 
80 6255 1 3226 19.829301 
80 6255 1 3226 19.811146 
80 6255 1 3226 19.802060 
80 6255 1 3226 19.787403 
80 6255 1 3226 19.735537 
80 6255 1 3226 19.844513 
80 6255 1 3226 19.785226 
90 7927 1 3678 35.004074 
90 7927 1 3678 34.861397 
90 7927 1 3678 34.812247 
90 7927 1 3678 34.581804 
90 7927 1 3678 34.618657 
90 7927 1 3678 34.994598 
90 7927 1 3678 34.982698 
90 7927 1 3678 34.909650 
90 7927 1 3678 34.934628 
90 7927 1 3678 34.998449 
100 9795 1 4274 55.906087 
100 9795 1 4274 55.954376 
100 9795 1 4274 56.028141 
100 9795 1 4274 56.323370 
100 9795 1 4274 56.103149 
100 9795 1 4274 56.221939 
100 9795 1 4274 56.011528 
100 9795 1 4274 56.357693 
100 9795 1 4274 56.488428 
100 9795 1 4274 56.706469 
110 11860 1 4600 90.389088 
110 11860 1 4600 90.051844 
110 11860 1 4600 90.248402 
110 11860 1 4600 90.292043 
110 11860 1 4600 90.226866 
110 11860 1 4600 90.008858 
110 11860 1 4600 90.234127 
110 11860 1 4600 90.306173 
110 11860 1 4600 90.513713 
110 11860 1 4600 89.762567 
120 14132 1 5129 136.593578 
120 14132 1 5129 136.817633 
120 14132 1 5129 135.863783 
120 14132 1 5129 136.185441 
120 14132 1 5129 136.214449 
120 14132 1 5129 140.188655 
120 14132 1 5129 136.472504 
120 14132 1 5129 136.339131 
120 14132 1 5129 135.917855 
120 14132 1 5129 136.107443 
130 16584 1 5651 200.843948 
130 16584 1 5651 201.164256 
130 16584 1 5651 201.481924 
130 16584 1 5651 201.088182 
130 16584 1 5651 201.446551 
130 16584 1 5651 202.184959 
130 16584 1 5651 202.396197 
130 16584 1 5651 201.617192 
130 16584 1 5651 201.391057 
130 16584 1 5651 200.624286 
140 19277 1 5943 281.649433 
140 19277 1 5943 281.343424 
140 19277 1 5943 283.394687 
140 19277 1 5943 283.667806 
140 19277 1 5943 283.338140 
140 19277 1 5943 283.021387 
140 19277 1 5943 282.035781 
140 19277 1 5943 282.204270 
140 19277 1 5943 281.170570 
140 19277 1 5943 281.662822 
150 22121 1 6511 398.325984 
150 22121 1 6511 398.341805 
150 22121 1 6511 398.514228 
150 22121 1 6511 399.753830 
150 22121 1 6511 398.682649 
150 22121 1 6511 398.590982 
150 22121 1 6511 398.742031 
150 22121 1 6511 413.610034 
150 22121 1 6511 398.504092 
150 22121 1 6511 397.577593 
160 25245 1 6840 554.848881 
160 25245 1 6840 555.633878 
160 25245 1 6840 556.353210 
160 25245 1 6840 554.426979 
160 25245 1 6840 557.373704 
160 25245 1 6840 553.928901 
160 25245 1 6840 554.394716 
160 25245 1 6840 554.304440 
160 25245 1 6840 554.090027 
160 25245 1 6840 554.481055 
170 28423 1 7392 746.185924 
170 28423 1 7392 747.559515 
170 28423 1 7392 746.280804 
170 28423 1 7392 743.491597 
170 28423 1 7392 743.170421 
170 28423 1 7392 741.919850 
170 28423 1 7392 742.854694 
170 28423 1 7392 742.438505 
170 28423 1 7392 743.043929 
170 28423 1 7392 742.951882 
180 31914 1 7941 965.885757 
180 31914 1 7941 964.510422 
180 31914 1 7941 964.713123 
180 31914 1 7941 963.996839 
180 31914 1 7941 965.446621 
180 31914 1 7941 965.715972 
180 31914 1 7941 966.292291 
180 31914 1 7941 964.560018 
180 31914 1 7941 964.516228 
180 31914 1 7941 963.624227 
190 35522 1 8430 1245.518768 
190 35522 1 8430 1245.934246 
190 35522 1 8430 1246.837551 
190 35522 1 8430 1245.738536 
190 35522 1 8430 1246.126845 
190 35522 1 8430 1245.394720 
190 35522 1 8430 1248.171865 
190 35522 1 8430 1245.739604 
190 35522 1 8430 1253.252485 
190 35522 1 8430 1250.646321 
200 39432 1 8842 1604.823415 
200 39432 1 8842 1602.680867 
200 39432 1 8842 1603.572435 
200 39432 1 8842 1604.820339 
200 39432 1 8842 1606.990706 
200 39432 1 8842 1621.559879 
200 39432 1 8842 1608.967413 
200 39432 1 8842 1607.526016 
200 39432 1 8842 1606.201829 
200 39432 1 8842 1608.505664 
Job ID           : 39806718
Cluster          : spartan
User/Project     : lingxiao1/punim0520
Nodes            : 1
Wall-clock time  : 17:39:51 / 1-06:00:00

Displaying overall resources usage from 2022-09-16 15:34:35 to 2022-09-17 09:14:26:

NODE            CPU#        TOT%   ( USR   / SYS   / WIO   / IDLE  ) 

spartan-bm021 : 
                CPU# 1    : 100.0  ( 100.0 /   0.0 /   0.0 /   0.0 ) 


Allocated CPUs            : 1    
  CPUs with usage <25%    : 0    
  CPUs with usage <50%    : 0    
  CPUs with usage >50%    : 1    

Memory used (RAM)         : 0.1%  [2MB of 4000MB]

--------------------------------------------

